date_time	NINO34
1949.544	-0.296
1949.572	-0.277
1949.599	-0.257
1949.626	-0.244
1949.654	-0.276
1949.681	-0.309
1949.708	-0.348
1949.736	-0.492
1949.763	-0.637
1949.791	-0.781
1949.818	-0.932
1949.845	-1.082
1949.873	-1.233
1949.900	-1.237
1949.927	-1.234
1949.955	-1.230
1949.982	-1.175
1950.010	-1.114
1950.037	-1.052
1950.064	-1.162
1950.092	-1.314
1950.119	-1.467
1950.146	-1.367
1950.174	-1.221
1950.201	-1.075
1950.229	-0.998
1950.256	-0.930
1950.283	-0.861
1950.311	-0.947
1950.338	-1.061
1950.366	-1.176
1950.393	-1.037
1950.420	-0.830
1950.448	-0.624
1950.475	-0.541
1950.502	-0.502
1950.530	-0.462
1950.557	-0.446
1950.585	-0.439
1950.612	-0.433
1950.639	-0.516
1950.667	-0.664
1950.694	-0.811
1950.721	-0.840
1950.749	-0.765
1950.776	-0.689
1950.804	-0.683
1950.831	-0.752
1950.858	-0.821
1950.886	-0.836
1950.913	-0.780
1950.940	-0.725
1950.968	-0.696
1950.995	-0.712
1951.023	-0.728
1951.050	-0.723
1951.077	-0.662
1951.105	-0.601
1951.132	-0.526
1951.159	-0.421
1951.187	-0.316
1951.214	-0.220
1951.242	-0.138
1951.269	-0.056
1951.296	0.010
1951.324	0.043
1951.351	0.076
1951.379	0.124
1951.406	0.212
1951.433	0.300
1951.461	0.380
1951.488	0.426
1951.515	0.472
1951.543	0.509
1951.570	0.503
1951.598	0.496
1951.625	0.494
1951.652	0.559
1951.680	0.625
1951.707	0.690
1951.734	0.637
1951.762	0.585
1951.789	0.532
1951.817	0.564
1951.844	0.600
1951.871	0.637
1951.899	0.569
1951.926	0.490
1951.953	0.412
1951.981	0.395
1952.008	0.388
1952.036	0.382
1952.063	0.355
1952.090	0.321
1952.118	0.288
1952.145	0.204
1952.172	0.104
1952.200	0.004
1952.227	0.111
1952.255	0.282
1952.282	0.452
1952.309	0.438
1952.337	0.353
1952.364	0.268
1952.392	0.124
1952.419	-0.047
1952.446	-0.218
1952.474	-0.251
1952.501	-0.205
1952.528	-0.159
1952.556	-0.136
1952.583	-0.130
1952.611	-0.123
1952.638	-0.096
1952.665	-0.046
1952.693	0.003
1952.720	0.037
1952.747	0.054
1952.775	0.070
1952.802	0.030
1952.830	-0.091
1952.857	-0.213
1952.884	-0.286
1952.912	-0.277
1952.939	-0.267
1952.966	-0.200
1952.994	-0.013
1953.021	0.175
1953.049	0.313
1953.076	0.283
1953.103	0.252
1953.131	0.211
1953.158	0.140
1953.185	0.068
1953.213	0.071
1953.240	0.232
1953.268	0.392
1953.295	0.508
1953.322	0.502
1953.350	0.495
1953.377	0.494
1953.405	0.514
1953.432	0.534
1953.459	0.543
1953.487	0.500
1953.514	0.458
1953.541	0.418
1953.569	0.402
1953.596	0.386
1953.624	0.371
1953.651	0.506
1953.678	0.640
1953.706	0.774
1953.733	0.689
1953.760	0.594
1953.788	0.499
1953.815	0.454
1953.843	0.415
1953.870	0.376
1953.897	0.367
1953.925	0.364
1953.952	0.361
1953.979	0.406
1954.007	0.465
1954.034	0.523
1954.062	0.500
1954.089	0.442
1954.116	0.385
1954.144	0.340
1954.171	0.299
1954.198	0.258
1954.226	0.146
1954.253	0.015
1954.281	-0.116
1954.308	-0.148
1954.335	-0.144
1954.363	-0.141
1954.390	-0.163
1954.418	-0.195
1954.445	-0.228
1954.472	-0.303
1954.500	-0.401
1954.527	-0.499
1954.554	-0.540
1954.582	-0.540
1954.609	-0.540
1954.637	-0.567
1954.664	-0.623
1954.691	-0.678
1954.719	-0.682
1954.746	-0.616
1954.773	-0.551
1954.801	-0.508
1954.828	-0.501
1954.856	-0.494
1954.883	-0.518
1954.910	-0.603
1954.938	-0.688
1954.965	-0.722
1954.992	-0.622
1955.020	-0.523
1955.047	-0.440
1955.075	-0.440
1955.102	-0.440
1955.129	-0.435
1955.157	-0.411
1955.184	-0.387
1955.211	-0.366
1955.239	-0.353
1955.266	-0.340
1955.294	-0.355
1955.321	-0.470
1955.348	-0.584
1955.376	-0.669
1955.403	-0.604
1955.431	-0.538
1955.458	-0.478
1955.485	-0.462
1955.513	-0.445
1955.540	-0.432
1955.567	-0.464
1955.595	-0.496
1955.622	-0.529
1955.650	-0.568
1955.677	-0.607
1955.704	-0.646
1955.732	-0.814
1955.759	-0.994
1955.786	-1.174
1955.814	-1.332
1955.841	-1.486
1955.869	-1.640
1955.896	-1.594
1955.923	-1.499
1955.951	-1.404
1955.978	-1.264
1956.005	-1.109
1956.033	-0.954
1956.060	-0.821
1956.088	-0.701
1956.115	-0.581
1956.142	-0.560
1956.170	-0.590
1956.197	-0.620
1956.225	-0.628
1956.252	-0.625
1956.279	-0.621
1956.307	-0.581
1956.334	-0.519
1956.361	-0.456
1956.389	-0.460
1956.416	-0.513
1956.444	-0.566
1956.471	-0.578
1956.498	-0.555
1956.526	-0.532
1956.553	-0.531
1956.580	-0.554
1956.608	-0.576
1956.635	-0.590
1956.663	-0.590
1956.690	-0.590
1956.717	-0.587
1956.745	-0.577
1956.772	-0.567
1956.799	-0.585
1956.827	-0.668
1956.854	-0.750
1956.882	-0.782
1956.909	-0.677
1956.936	-0.572
1956.964	-0.489
1956.991	-0.486
1957.018	-0.483
1957.046	-0.463
1957.073	-0.328
1957.101	-0.192
1957.128	-0.054
1957.155	0.095
1957.183	0.244
1957.210	0.374
1957.238	0.440
1957.265	0.505
1957.292	0.564
1957.320	0.591
1957.347	0.617
1957.374	0.632
1957.402	0.563
1957.429	0.494
1957.457	0.437
1957.484	0.548
1957.511	0.660
1957.539	0.771
1957.566	0.858
1957.593	0.945
1957.621	1.032
1957.648	0.924
1957.676	0.796
1957.703	0.668
1957.730	0.684
1957.758	0.723
1957.785	0.762
1957.812	0.881
1957.840	1.018
1957.867	1.156
1957.895	1.190
1957.922	1.190
1957.949	1.190
1957.977	1.287
1958.004	1.426
1958.031	1.564
1958.059	1.577
1958.086	1.506
1958.114	1.435
1958.141	1.335
1958.168	1.220
1958.196	1.105
1958.223	0.970
1958.251	0.826
1958.278	0.681
1958.305	0.638
1958.333	0.652
1958.360	0.665
1958.387	0.647
1958.415	0.607
1958.442	0.568
1958.470	0.508
1958.497	0.429
1958.524	0.350
1958.552	0.323
1958.579	0.348
1958.606	0.374
1958.634	0.341
1958.661	0.213
1958.689	0.085
1958.716	0.024
1958.743	0.096
1958.771	0.168
1958.798	0.221
1958.825	0.224
1958.853	0.227
1958.880	0.251
1958.908	0.343
1958.935	0.434
1958.962	0.511
1958.990	0.518
1959.017	0.524
1959.044	0.526
1959.072	0.479
1959.099	0.432
1959.127	0.378
1959.154	0.284
1959.181	0.189
1959.209	0.127
1959.236	0.225
1959.264	0.323
1959.291	0.406
1959.318	0.373
1959.346	0.341
1959.373	0.301
1959.400	0.163
1959.428	0.026
1959.455	-0.111
1959.483	-0.176
1959.510	-0.242
1959.537	-0.307
1959.565	-0.350
1959.592	-0.392
1959.619	-0.434
1959.647	-0.463
1959.674	-0.489
1959.702	-0.515
1959.729	-0.380
1959.756	-0.206
1959.784	-0.033
1959.811	-0.027
1959.838	-0.076
1959.866	-0.125
1959.893	-0.128
1959.921	-0.112
1959.948	-0.096
1959.975	-0.098
1960.003	-0.111
1960.030	-0.124
1960.057	-0.156
1960.085	-0.203
1960.112	-0.249
1960.140	-0.182
1960.167	-0.025
1960.194	0.132
1960.222	0.206
1960.249	0.215
1960.277	0.225
1960.304	0.220
1960.331	0.200
1960.359	0.180
1960.386	0.140
1960.413	0.078
1960.441	0.015
1960.468	-0.026
1960.496	-0.039
1960.523	-0.052
1960.550	-0.013
1960.578	0.106
1960.605	0.226
1960.632	0.303
1960.660	0.280
1960.687	0.257
1960.715	0.199
1960.742	0.038
1960.769	-0.123
1960.797	-0.242
1960.824	-0.206
1960.851	-0.170
1960.879	-0.138
1960.906	-0.129
1960.934	-0.119
1960.961	-0.112
1960.988	-0.132
1961.016	-0.151
1961.043	-0.168
1961.070	-0.083
1961.098	0.001
1961.125	0.078
1961.153	0.055
1961.180	0.031
1961.207	0.022
1961.235	0.120
1961.262	0.218
1961.290	0.310
1961.317	0.307
1961.344	0.303
1961.372	0.302
1961.399	0.456
1961.426	0.610
1961.454	0.764
1961.481	0.606
1961.509	0.435
1961.536	0.265
1961.563	0.097
1961.591	-0.070
1961.618	-0.238
1961.645	-0.320
1961.673	-0.383
1961.700	-0.445
1961.728	-0.475
1961.755	-0.495
1961.782	-0.514
1961.810	-0.460
1961.837	-0.375
1961.864	-0.290
1961.892	-0.241
1961.919	-0.211
1961.947	-0.182
1961.974	-0.209
1962.001	-0.273
1962.029	-0.338
1962.056	-0.353
1962.084	-0.319
1962.111	-0.285
1962.138	-0.263
1962.166	-0.249
1962.193	-0.235
1962.220	-0.226
1962.248	-0.220
1962.275	-0.213
1962.303	-0.217
1962.330	-0.230
1962.357	-0.243
1962.385	-0.211
1962.412	-0.133
1962.439	-0.054
1962.467	0.009
1962.494	0.051
1962.522	0.094
1962.549	0.110
1962.576	0.084
1962.604	0.058
1962.631	0.009
1962.658	-0.099
1962.686	-0.207
1962.713	-0.296
1962.741	-0.322
1962.768	-0.349
1962.795	-0.374
1962.823	-0.393
1962.850	-0.413
1962.877	-0.435
1962.905	-0.471
1962.932	-0.507
1962.960	-0.539
1962.987	-0.523
1963.014	-0.507
1963.042	-0.490
1963.069	-0.421
1963.097	-0.350
1963.124	-0.278
1963.151	-0.176
1963.179	-0.075
1963.206	0.023
1963.233	0.062
1963.261	0.101
1963.288	0.141
1963.316	0.190
1963.343	0.239
1963.370	0.288
1963.398	0.347
1963.425	0.406
1963.452	0.465
1963.480	0.635
1963.507	0.815
1963.535	0.995
1963.562	1.034
1963.589	1.050
1963.617	1.066
1963.644	1.080
1963.671	1.093
1963.699	1.106
1963.726	1.096
1963.754	1.076
1963.781	1.057
1963.808	1.046
1963.836	1.039
1963.863	1.033
1963.890	1.070
1963.918	1.135
1963.945	1.201
1963.973	1.164
1964.000	1.045
1964.027	0.925
1964.055	0.793
1964.082	0.646
1964.110	0.499
1964.137	0.311
1964.164	0.074
1964.192	-0.163
1964.219	-0.296
1964.246	-0.309
1964.274	-0.322
1964.301	-0.366
1964.329	-0.451
1964.356	-0.537
1964.383	-0.610
1964.411	-0.662
1964.438	-0.715
1964.465	-0.751
1964.493	-0.754
1964.520	-0.758
1964.548	-0.745
1964.575	-0.693
1964.602	-0.642
1964.630	-0.616
1964.657	-0.694
1964.684	-0.773
1964.712	-0.842
1964.739	-0.855
1964.767	-0.868
1964.794	-0.887
1964.821	-0.949
1964.849	-1.012
1964.876	-1.070
1964.903	-1.070
1964.931	-1.070
1964.958	-1.067
1964.986	-0.948
1965.013	-0.829
1965.040	-0.709
1965.068	-0.590
1965.095	-0.472
1965.123	-0.353
1965.150	-0.353
1965.177	-0.357
1965.205	-0.358
1965.232	-0.263
1965.259	-0.168
1965.287	-0.073
1965.314	0.127
1965.342	0.330
1965.369	0.533
1965.396	0.607
1965.424	0.669
1965.451	0.732
1965.478	0.799
1965.506	0.868
1965.533	0.937
1965.561	1.039
1965.588	1.149
1965.615	1.258
1965.643	1.341
1965.670	1.413
1965.697	1.485
1965.725	1.544
1965.752	1.597
1965.780	1.649
1965.807	1.678
1965.834	1.691
1965.862	1.704
1965.889	1.690
1965.916	1.654
1965.944	1.618
1965.971	1.563
1965.999	1.489
1966.026	1.415
1966.053	1.316
1966.081	1.180
1966.108	1.045
1966.136	0.967
1966.163	0.960
1966.190	0.953
1966.218	0.905
1966.245	0.813
1966.272	0.721
1966.300	0.613
1966.327	0.486
1966.355	0.358
1966.382	0.309
1966.409	0.385
1966.437	0.460
1966.464	0.514
1966.491	0.528
1966.519	0.541
1966.546	0.511
1966.574	0.376
1966.601	0.240
1966.628	0.135
1966.656	0.161
1966.683	0.187
1966.710	0.206
1966.738	0.173
1966.765	0.140
1966.793	0.108
1966.820	0.085
1966.847	0.062
1966.875	0.038
1966.902	-0.024
1966.930	-0.086
1966.957	-0.149
1966.984	-0.229
1967.012	-0.309
1967.039	-0.390
1967.066	-0.379
1967.094	-0.356
1967.121	-0.332
1967.149	-0.336
1967.176	-0.343
1967.203	-0.350
1967.231	-0.426
1967.258	-0.505
1967.285	-0.584
1967.313	-0.503
1967.340	-0.408
1967.368	-0.313
1967.395	-0.175
1967.422	-0.031
1967.450	0.113
1967.477	0.148
1967.504	0.158
1967.532	0.168
1967.559	0.060
1967.587	-0.086
1967.614	-0.231
1967.641	-0.340
1967.669	-0.432
1967.696	-0.524
1967.723	-0.544
1967.751	-0.518
1967.778	-0.492
1967.806	-0.458
1967.833	-0.419
1967.860	-0.380
1967.888	-0.386
1967.915	-0.439
1967.943	-0.491
1967.970	-0.551
1967.997	-0.618
1968.025	-0.686
1968.052	-0.739
1968.079	-0.766
1968.107	-0.793
1968.134	-0.794
1968.162	-0.751
1968.189	-0.708
1968.216	-0.652
1968.244	-0.577
1968.271	-0.501
1968.298	-0.428
1968.326	-0.359
1968.353	-0.290
1968.381	-0.182
1968.408	0.025
1968.435	0.231
1968.463	0.411
1968.490	0.499
1968.517	0.588
1968.545	0.646
1968.572	0.571
1968.600	0.497
1968.627	0.420
1968.654	0.322
1968.682	0.223
1968.709	0.133
1968.736	0.182
1968.764	0.231
1968.791	0.281
1968.819	0.433
1968.846	0.584
1968.873	0.735
1968.901	0.765
1968.928	0.792
1968.956	0.818
1968.983	0.969
1969.010	1.130
1969.038	1.292
1969.065	1.245
1969.092	1.153
1969.120	1.062
1969.147	0.899
1969.175	0.727
1969.202	0.554
1969.229	0.480
1969.257	0.414
1969.284	0.349
1969.311	0.459
1969.339	0.597
1969.366	0.735
1969.394	0.701
1969.421	0.629
1969.448	0.557
1969.476	0.495
1969.503	0.436
1969.530	0.377
1969.558	0.358
1969.585	0.354
1969.613	0.351
1969.640	0.426
1969.667	0.550
1969.695	0.675
1969.722	0.752
1969.749	0.791
1969.777	0.831
1969.804	0.848
1969.832	0.845
1969.859	0.842
1969.886	0.853
1969.914	0.883
1969.941	0.912
1969.969	0.935
1969.996	0.948
1970.023	0.961
1970.051	0.954
1970.078	0.900
1970.105	0.845
1970.133	0.783
1970.160	0.705
1970.188	0.627
1970.215	0.584
1970.242	0.594
1970.270	0.604
1970.297	0.583
1970.324	0.504
1970.352	0.426
1970.379	0.312
1970.407	0.112
1970.434	-0.088
1970.461	-0.289
1970.489	-0.496
1970.516	-0.702
1970.543	-0.878
1970.571	-0.924
1970.598	-0.969
1970.626	-1.010
1970.653	-1.006
1970.680	-1.003
1970.708	-0.999
1970.735	-0.959
1970.762	-0.920
1970.790	-0.881
1970.817	-0.973
1970.845	-1.068
1970.872	-1.163
1970.899	-1.295
1970.927	-1.429
1970.954	-1.563
1970.982	-1.566
1971.009	-1.550
1971.036	-1.534
1971.064	-1.467
1971.091	-1.386
1971.118	-1.304
1971.146	-1.287
1971.173	-1.284
1971.201	-1.280
1971.228	-1.140
1971.255	-0.980
1971.283	-0.819
1971.310	-0.742
1971.337	-0.683
1971.365	-0.624
1971.392	-0.640
1971.420	-0.679
1971.447	-0.719
1971.474	-0.658
1971.502	-0.556
1971.529	-0.454
1971.556	-0.405
1971.584	-0.383
1971.611	-0.360
1971.639	-0.414
1971.666	-0.529
1971.693	-0.644
1971.721	-0.725
1971.748	-0.774
1971.775	-0.823
1971.803	-0.850
1971.830	-0.850
1971.858	-0.850
1971.885	-0.867
1971.912	-0.910
1971.940	-0.952
1971.967	-0.927
1971.995	-0.775
1972.022	-0.623
1972.049	-0.491
1972.077	-0.418
1972.104	-0.344
1972.131	-0.276
1972.159	-0.223
1972.186	-0.169
1972.214	-0.098
1972.241	0.024
1972.268	0.145
1972.296	0.253
1972.323	0.312
1972.350	0.371
1972.378	0.442
1972.405	0.563
1972.433	0.685
1972.460	0.796
1972.487	0.838
1972.515	0.881
1972.542	0.933
1972.569	1.072
1972.597	1.211
1972.624	1.350
1972.652	1.350
1972.679	1.350
1972.706	1.350
1972.734	1.519
1972.761	1.697
1972.789	1.874
1972.816	1.989
1972.843	2.097
1972.871	2.205
1972.898	2.177
1972.925	2.128
1972.953	2.079
1972.980	1.927
1973.008	1.752
1973.035	1.578
1973.062	1.493
1973.090	1.442
1973.117	1.392
1973.144	1.226
1973.172	1.026
1973.199	0.826
1973.227	0.607
1973.254	0.385
1973.281	0.162
1973.309	-0.129
1973.336	-0.440
1973.363	-0.752
1973.391	-0.901
1973.418	-0.986
1973.446	-1.071
1973.473	-1.059
1973.500	-0.996
1973.528	-0.934
1973.555	-1.026
1973.582	-1.217
1973.610	-1.407
1973.637	-1.465
1973.665	-1.396
1973.692	-1.327
1973.719	-1.353
1973.747	-1.491
1973.774	-1.628
1973.802	-1.792
1973.829	-1.995
1973.856	-2.199
1973.884	-2.316
1973.911	-2.277
1973.938	-2.237
1973.966	-2.183
1973.993	-2.093
1974.021	-2.002
1974.048	-1.917
1974.075	-1.853
1974.103	-1.788
1974.130	-1.695
1974.157	-1.512
1974.185	-1.329
1974.212	-1.181
1974.240	-1.115
1974.267	-1.050
1974.294	-0.971
1974.322	-0.849
1974.349	-0.728
1974.376	-0.614
1974.404	-0.529
1974.431	-0.443
1974.459	-0.393
1974.486	-0.560
1974.513	-0.727
1974.541	-0.865
1974.568	-0.694
1974.595	-0.524
1974.623	-0.353
1974.650	-0.340
1974.678	-0.330
1974.705	-0.321
1974.732	-0.409
1974.760	-0.504
1974.787	-0.599
1974.815	-0.702
1974.842	-0.807
1974.869	-0.912
1974.897	-0.865
1974.924	-0.786
1974.951	-0.708
1974.979	-0.560
1975.006	-0.392
1975.034	-0.225
1975.061	-0.238
1975.088	-0.340
1975.116	-0.442
1975.143	-0.538
1975.170	-0.633
1975.198	-0.728
1975.225	-0.695
1975.253	-0.622
1975.280	-0.550
1975.307	-0.577
1975.335	-0.643
1975.362	-0.708
1975.389	-0.798
1975.417	-0.899
1975.444	-1.001
1975.472	-1.054
1975.499	-1.077
1975.526	-1.100
1975.554	-1.096
1975.581	-1.070
1975.608	-1.044
1975.636	-1.016
1975.663	-0.987
1975.691	-0.957
1975.718	-0.999
1975.745	-1.143
1975.773	-1.287
1975.800	-1.390
1975.828	-1.420
1975.855	-1.449
1975.882	-1.489
1975.910	-1.551
1975.937	-1.613
1975.964	-1.673
1975.992	-1.725
1976.019	-1.776
1976.047	-1.791
1976.074	-1.600
1976.101	-1.410
1976.129	-1.213
1976.156	-0.983
1976.183	-0.752
1976.211	-0.545
1976.238	-0.457
1976.266	-0.368
1976.293	-0.290
1976.320	-0.294
1976.348	-0.297
1976.375	-0.291
1976.402	-0.180
1976.430	-0.068
1976.457	0.040
1976.485	0.047
1976.512	0.053
1976.539	0.060
1976.567	0.207
1976.594	0.356
1976.621	0.505
1976.649	0.623
1976.676	0.738
1976.704	0.853
1976.731	0.876
1976.758	0.882
1976.786	0.889
1976.813	0.871
1976.841	0.848
1976.868	0.825
1976.895	0.797
1976.923	0.768
1976.950	0.738
1976.977	0.777
1977.005	0.841
1977.032	0.906
1977.060	0.822
1977.087	0.649
1977.114	0.477
1977.142	0.384
1977.169	0.329
1977.196	0.275
1977.224	0.177
1977.251	0.063
1977.279	-0.052
1977.306	0.024
1977.333	0.194
1977.361	0.365
1977.388	0.474
1977.415	0.546
1977.443	0.619
1977.470	0.617
1977.498	0.558
1977.525	0.499
1977.552	0.427
1977.580	0.343
1977.607	0.259
1977.634	0.223
1977.662	0.256
1977.689	0.289
1977.717	0.346
1977.744	0.448
1977.771	0.549
1977.799	0.662
1977.826	0.800
1977.854	0.937
1977.881	1.039
1977.908	1.036
1977.936	1.033
1977.963	1.020
1977.990	0.968
1978.018	0.916
1978.045	0.856
1978.073	0.714
1978.100	0.571
1978.127	0.441
1978.155	0.376
1978.182	0.312
1978.209	0.224
1978.237	0.037
1978.264	-0.150
1978.292	-0.303
1978.319	-0.250
1978.346	-0.198
1978.374	-0.157
1978.401	-0.229
1978.428	-0.301
1978.456	-0.369
1978.483	-0.350
1978.511	-0.330
1978.538	-0.310
1978.565	-0.364
1978.593	-0.419
1978.620	-0.474
1978.648	-0.439
1978.675	-0.394
1978.702	-0.348
1978.730	-0.433
1978.757	-0.544
1978.784	-0.656
1978.812	-0.529
1978.839	-0.336
1978.867	-0.143
1978.894	-0.078
1978.921	-0.062
1978.949	-0.045
1978.976	-0.005
1979.003	0.046
1979.031	0.098
1979.058	0.128
1979.086	0.141
1979.113	0.155
1979.140	0.181
1979.168	0.215
1979.195	0.249
1979.222	0.293
1979.250	0.342
1979.277	0.391
1979.305	0.382
1979.332	0.336
1979.359	0.290
1979.387	0.264
1979.414	0.255
1979.441	0.245
1979.469	0.168
1979.496	0.027
1979.524	-0.114
1979.551	-0.154
1979.578	-0.077
1979.606	0.000
1979.633	0.118
1979.661	0.308
1979.688	0.498
1979.715	0.584
1979.743	0.433
1979.770	0.282
1979.797	0.173
1979.825	0.182
1979.852	0.192
1979.880	0.231
1979.907	0.381
1979.934	0.532
1979.962	0.654
1979.989	0.612
1980.016	0.570
1980.044	0.527
1980.071	0.463
1980.099	0.400
1980.126	0.338
1980.153	0.301
1980.181	0.264
1980.208	0.234
1980.235	0.290
1980.263	0.345
1980.290	0.399
1980.318	0.340
1980.345	0.280
1980.372	0.221
1980.400	0.323
1980.427	0.428
1980.454	0.533
1980.482	0.405
1980.509	0.260
1980.537	0.116
1980.564	0.088
1980.591	0.076
1980.619	0.063
1980.646	0.057
1980.674	0.054
1980.701	0.051
1980.728	0.003
1980.756	-0.059
1980.783	-0.122
1980.810	-0.079
1980.838	0.006
1980.865	0.091
1980.893	0.188
1980.920	0.290
1980.947	0.391
1980.975	0.261
1981.002	-0.010
1981.029	-0.281
1981.057	-0.426
1981.084	-0.456
1981.112	-0.487
1981.139	-0.430
1981.166	-0.308
1981.194	-0.186
1981.221	-0.209
1981.248	-0.320
1981.276	-0.432
1981.303	-0.426
1981.331	-0.331
1981.358	-0.236
1981.385	-0.190
1981.413	-0.190
1981.440	-0.190
1981.467	-0.255
1981.495	-0.396
1981.522	-0.537
1981.550	-0.609
1981.577	-0.584
1981.604	-0.558
1981.632	-0.498
1981.659	-0.364
1981.687	-0.230
1981.714	-0.131
1981.741	-0.134
1981.769	-0.137
1981.796	-0.178
1981.823	-0.361
1981.851	-0.545
1981.878	-0.675
1981.906	-0.511
1981.933	-0.347
1981.960	-0.189
1981.988	-0.076
1982.015	0.037
1982.042	0.150
1982.070	0.092
1982.097	0.035
1982.125	-0.020
1982.152	-0.020
1982.179	-0.020
1982.207	-0.012
1982.234	0.073
1982.261	0.158
1982.289	0.246
1982.316	0.394
1982.344	0.541
1982.371	0.689
1982.398	0.823
1982.426	0.957
1982.453	1.092
1982.480	1.032
1982.508	0.960
1982.535	0.888
1982.563	0.946
1982.590	1.020
1982.617	1.094
1982.645	1.182
1982.672	1.274
1982.700	1.365
1982.727	1.524
1982.754	1.708
1982.782	1.891
1982.809	1.997
1982.836	2.066
1982.864	2.134
1982.891	2.259
1982.919	2.416
1982.946	2.573
1982.973	2.668
1983.001	2.716
1983.028	2.765
1983.055	2.729
1983.083	2.600
1983.110	2.472
1983.138	2.304
1983.165	2.101
1983.192	1.897
1983.220	1.683
1983.247	1.460
1983.274	1.237
1983.302	1.115
1983.329	1.085
1983.357	1.056
1983.384	0.971
1983.411	0.824
1983.439	0.676
1983.466	0.490
1983.493	0.247
1983.521	0.005
1983.548	-0.166
1983.576	-0.211
1983.603	-0.257
1983.630	-0.289
1983.658	-0.286
1983.685	-0.283
1983.713	-0.317
1983.740	-0.494
1983.767	-0.671
1983.795	-0.833
1983.822	-0.915
1983.849	-0.997
1983.877	-1.067
1983.904	-1.037
1983.932	-1.008
1983.959	-0.979
1983.986	-0.963
1984.014	-0.947
1984.041	-0.931
1984.068	-0.739
1984.096	-0.539
1984.123	-0.338
1984.151	-0.340
1984.178	-0.350
1984.205	-0.360
1984.233	-0.370
1984.260	-0.379
1984.287	-0.389
1984.315	-0.411
1984.342	-0.434
1984.370	-0.457
1984.397	-0.555
1984.424	-0.664
1984.452	-0.772
1984.479	-0.705
1984.507	-0.603
1984.534	-0.501
1984.561	-0.480
1984.589	-0.480
1984.616	-0.480
1984.643	-0.437
1984.671	-0.374
1984.698	-0.312
1984.726	-0.391
1984.753	-0.545
1984.780	-0.700
1984.808	-0.856
1984.835	-1.014
1984.862	-1.171
1984.890	-1.301
1984.917	-1.410
1984.945	-1.518
1984.972	-1.498
1984.999	-1.359
1985.027	-1.220
1985.054	-1.127
1985.081	-1.097
1985.109	-1.066
1985.136	-1.040
1985.164	-1.020
1985.191	-1.000
1985.218	-0.988
1985.246	-0.985
1985.273	-0.982
1985.300	-0.943
1985.328	-0.865
1985.355	-0.786
1985.383	-0.747
1985.410	-0.763
1985.437	-0.780
1985.465	-0.759
1985.492	-0.674
1985.520	-0.589
1985.547	-0.509
1985.574	-0.441
1985.602	-0.374
1985.629	-0.330
1985.656	-0.379
1985.684	-0.429
1985.711	-0.472
1985.739	-0.481
1985.766	-0.491
1985.793	-0.499
1985.821	-0.486
1985.848	-0.472
1985.875	-0.460
1985.903	-0.460
1985.930	-0.460
1985.958	-0.460
1985.985	-0.563
1986.012	-0.666
1986.040	-0.770
1986.067	-0.780
1986.094	-0.780
1986.122	-0.780
1986.149	-0.713
1986.177	-0.642
1986.204	-0.570
1986.231	-0.495
1986.259	-0.420
1986.286	-0.344
1986.313	-0.343
1986.341	-0.346
1986.368	-0.350
1986.396	-0.236
1986.423	-0.108
1986.450	0.019
1986.478	0.070
1986.505	0.106
1986.533	0.142
1986.560	0.196
1986.587	0.254
1986.615	0.312
1986.642	0.393
1986.669	0.485
1986.697	0.576
1986.724	0.666
1986.752	0.754
1986.779	0.843
1986.806	0.918
1986.834	0.984
1986.861	1.049
1986.888	1.089
1986.916	1.105
1986.943	1.121
1986.971	1.162
1986.998	1.230
1987.025	1.298
1987.053	1.335
1987.080	1.321
1987.107	1.308
1987.135	1.293
1987.162	1.276
1987.190	1.259
1987.217	1.215
1987.244	1.139
1987.272	1.064
1987.299	1.004
1987.326	0.964
1987.354	0.925
1987.381	0.958
1987.409	1.115
1987.436	1.272
1987.463	1.401
1987.491	1.466
1987.518	1.532
1987.546	1.595
1987.573	1.653
1987.600	1.711
1987.628	1.755
1987.655	1.726
1987.682	1.696
1987.710	1.660
1987.737	1.565
1987.765	1.470
1987.792	1.379
1987.819	1.366
1987.847	1.353
1987.874	1.340
1987.901	1.238
1987.929	1.137
1987.956	1.035
1987.984	0.944
1988.011	0.854
1988.038	0.763
1988.066	0.679
1988.093	0.595
1988.120	0.512
1988.148	0.382
1988.175	0.245
1988.203	0.108
1988.230	-0.066
1988.257	-0.247
1988.285	-0.428
1988.312	-0.706
1988.339	-1.005
1988.367	-1.304
1988.394	-1.413
1988.422	-1.469
1988.449	-1.525
1988.476	-1.567
1988.504	-1.603
1988.531	-1.639
1988.559	-1.634
1988.586	-1.612
1988.613	-1.589
1988.641	-1.523
1988.668	-1.428
1988.695	-1.333
1988.723	-1.432
1988.750	-1.688
1988.778	-1.944
1988.805	-2.122
1988.832	-2.224
1988.860	-2.326
1988.887	-2.359
1988.914	-2.313
1988.942	-2.267
1988.969	-2.213
1988.997	-2.148
1989.024	-2.084
1989.051	-1.969
1989.079	-1.748
1989.106	-1.528
1989.133	-1.381
1989.161	-1.357
1989.188	-1.334
1989.216	-1.288
1989.243	-1.213
1989.270	-1.138
1989.298	-1.050
1989.325	-0.942
1989.352	-0.834
1989.380	-0.751
1989.407	-0.721
1989.435	-0.692
1989.462	-0.654
1989.489	-0.591
1989.517	-0.529
1989.544	-0.481
1989.572	-0.484
1989.599	-0.487
1989.626	-0.489
1989.654	-0.483
1989.681	-0.476
1989.708	-0.469
1989.736	-0.456
1989.763	-0.443
1989.791	-0.430
1989.818	-0.423
1989.845	-0.417
1989.873	-0.410
1989.900	-0.341
1989.927	-0.269
1989.955	-0.197
1989.982	-0.141
1990.010	-0.086
1990.037	-0.031
1990.064	0.048
1990.092	0.132
1990.119	0.217
1990.146	0.233
1990.174	0.236
1990.201	0.240
1990.229	0.240
1990.256	0.240
1990.283	0.240
1990.311	0.232
1990.338	0.222
1990.366	0.212
1990.393	0.137
1990.420	0.046
1990.448	-0.046
1990.475	-0.046
1990.502	-0.013
1990.530	0.020
1990.557	0.074
1990.585	0.139
1990.612	0.203
1990.639	0.192
1990.667	0.126
1990.694	0.061
1990.721	0.075
1990.749	0.161
1990.776	0.246
1990.804	0.255
1990.831	0.183
1990.858	0.111
1990.886	0.108
1990.913	0.196
1990.940	0.285
1990.968	0.352
1990.995	0.384
1991.023	0.417
1991.050	0.419
1991.077	0.341
1991.105	0.263
1991.132	0.190
1991.159	0.129
1991.187	0.068
1991.214	0.051
1991.242	0.106
1991.269	0.162
1991.296	0.231
1991.324	0.330
1991.351	0.428
1991.379	0.518
1991.406	0.587
1991.433	0.656
1991.461	0.709
1991.488	0.706
1991.515	0.703
1991.543	0.696
1991.570	0.670
1991.598	0.644
1991.625	0.615
1991.652	0.526
1991.680	0.438
1991.707	0.351
1991.734	0.545
1991.762	0.738
1991.789	0.931
1991.817	1.025
1991.844	1.113
1991.871	1.201
1991.899	1.385
1991.926	1.578
1991.953	1.771
1991.981	1.811
1992.008	1.824
1992.036	1.837
1992.063	1.858
1992.090	1.881
1992.118	1.904
1992.145	1.834
1992.172	1.734
1992.200	1.634
1992.227	1.547
1992.255	1.465
1992.282	1.383
1992.309	1.308
1992.337	1.236
1992.364	1.163
1992.392	0.968
1992.419	0.716
1992.446	0.463
1992.474	0.357
1992.501	0.338
1992.528	0.318
1992.556	0.216
1992.583	0.058
1992.611	-0.100
1992.638	-0.190
1992.665	-0.210
1992.693	-0.229
1992.720	-0.256
1992.747	-0.293
1992.775	-0.329
1992.802	-0.322
1992.830	-0.253
1992.857	-0.184
1992.884	-0.104
1992.912	-0.005
1992.939	0.093
1992.966	0.156
1992.994	0.143
1993.021	0.130
1993.049	0.130
1993.076	0.174
1993.103	0.218
1993.131	0.268
1993.158	0.332
1993.185	0.396
1993.213	0.479
1993.240	0.600
1993.268	0.721
1993.295	0.824
1993.322	0.876
1993.350	0.929
1993.377	0.946
1993.405	0.835
1993.432	0.723
1993.459	0.614
1993.487	0.516
1993.514	0.417
1993.541	0.319
1993.569	0.219
1993.596	0.119
1993.624	0.021
1993.651	0.080
1993.678	0.139
1993.706	0.197
1993.733	0.213
1993.760	0.226
1993.788	0.239
1993.815	0.246
1993.843	0.252
1993.870	0.259
1993.897	0.240
1993.925	0.217
1993.952	0.195
1993.979	0.149
1994.007	0.097
1994.034	0.046
1994.062	-0.008
1994.089	-0.062
1994.116	-0.116
1994.144	-0.084
1994.171	-0.023
1994.198	0.037
1994.226	0.068
1994.253	0.091
1994.281	0.114
1994.308	0.137
1994.335	0.160
1994.363	0.183
1994.390	0.224
1994.418	0.273
1994.445	0.322
1994.472	0.296
1994.500	0.227
1994.527	0.158
1994.554	0.206
1994.582	0.335
1994.609	0.464
1994.637	0.490
1994.664	0.408
1994.691	0.326
1994.719	0.354
1994.746	0.524
1994.773	0.694
1994.801	0.852
1994.828	0.990
1994.856	1.128
1994.883	1.229
1994.910	1.255
1994.938	1.281
1994.965	1.272
1994.992	1.168
1995.020	1.065
1995.047	0.965
1995.075	0.881
1995.102	0.796
1995.129	0.706
1995.157	0.598
1995.184	0.489
1995.211	0.387
1995.239	0.302
1995.266	0.217
1995.294	0.131
1995.321	0.042
1995.348	-0.046
1995.376	-0.117
1995.403	-0.097
1995.431	-0.077
1995.458	-0.066
1995.485	-0.115
1995.513	-0.164
1995.540	-0.216
1995.567	-0.306
1995.595	-0.396
1995.622	-0.486
1995.650	-0.575
1995.677	-0.663
1995.704	-0.752
1995.732	-0.837
1995.759	-0.922
1995.786	-1.008
1995.814	-1.012
1995.841	-1.002
1995.869	-0.992
1995.896	-0.993
1995.923	-0.996
1995.951	-0.999
1995.978	-0.959
1996.005	-0.904
1996.033	-0.849
1996.060	-0.839
1996.088	-0.852
1996.115	-0.865
1996.142	-0.811
1996.170	-0.720
1996.197	-0.630
1996.225	-0.561
1996.252	-0.502
1996.279	-0.442
1996.307	-0.432
1996.334	-0.452
1996.361	-0.472
1996.389	-0.452
1996.416	-0.402
1996.444	-0.353
1996.471	-0.295
1996.498	-0.229
1996.526	-0.163
1996.553	-0.151
1996.580	-0.193
1996.608	-0.235
1996.635	-0.274
1996.663	-0.310
1996.690	-0.347
1996.717	-0.379
1996.745	-0.406
1996.772	-0.432
1996.799	-0.451
1996.827	-0.454
1996.854	-0.458
1996.882	-0.468
1996.909	-0.497
1996.936	-0.527
1996.964	-0.554
1996.991	-0.574
1997.018	-0.593
1997.046	-0.600
1997.073	-0.515
1997.101	-0.430
1997.128	-0.350
1997.155	-0.293
1997.183	-0.235
1997.210	-0.158
1997.238	-0.014
1997.265	0.130
1997.292	0.277
1997.320	0.441
1997.347	0.605
1997.374	0.770
1997.402	0.947
1997.429	1.124
1997.457	1.299
1997.484	1.433
1997.511	1.567
1997.539	1.701
1997.566	1.804
1997.593	1.908
1997.621	2.011
1997.648	2.077
1997.676	2.139
1997.703	2.201
1997.730	2.303
1997.758	2.411
1997.785	2.519
1997.812	2.574
1997.840	2.617
1997.867	2.659
1997.895	2.675
1997.922	2.681
1997.949	2.688
1997.977	2.654
1998.004	2.602
1998.031	2.551
1998.059	2.451
1998.086	2.319
1998.114	2.187
1998.141	1.989
1998.168	1.755
1998.196	1.521
1998.223	1.297
1998.251	1.078
1998.278	0.858
1998.305	0.746
1998.333	0.694
1998.360	0.641
1998.387	0.320
1998.415	-0.188
1998.442	-0.696
1998.470	-0.992
1998.497	-1.106
1998.524	-1.221
1998.552	-1.288
1998.579	-1.304
1998.606	-1.320
1998.634	-1.302
1998.661	-1.230
1998.689	-1.158
1998.716	-1.136
1998.743	-1.215
1998.771	-1.293
1998.798	-1.361
1998.825	-1.400
1998.853	-1.440
1998.880	-1.493
1998.908	-1.595
1998.935	-1.696
1998.962	-1.774
1998.990	-1.738
1999.017	-1.703
1999.044	-1.661
1999.072	-1.539
1999.099	-1.417
1999.127	-1.296
1999.154	-1.181
1999.181	-1.066
1999.209	-0.968
1999.236	-0.959
1999.264	-0.949
1999.291	-0.938
1999.318	-0.918
1999.346	-0.898
1999.373	-0.884
1999.400	-0.939
1999.428	-0.995
1999.455	-1.049
1999.483	-0.990
1999.510	-0.931
1999.537	-0.872
1999.565	-0.982
1999.592	-1.098
1999.619	-1.214
1999.647	-1.168
1999.674	-1.096
1999.702	-1.024
1999.729	-1.021
1999.756	-1.034
1999.784	-1.047
1999.811	-1.169
1999.838	-1.326
1999.866	-1.483
1999.893	-1.562
1999.921	-1.608
1999.948	-1.654
1999.975	-1.723
2000.003	-1.803
2000.030	-1.884
2000.057	-1.848
2000.085	-1.718
2000.112	-1.587
2000.140	-1.457
2000.167	-1.327
2000.194	-1.197
2000.222	-1.071
2000.249	-0.950
2000.277	-0.828
2000.304	-0.763
2000.331	-0.750
2000.359	-0.737
2000.386	-0.713
2000.413	-0.677
2000.441	-0.640
2000.468	-0.603
2000.496	-0.563
2000.523	-0.524
2000.550	-0.484
2000.578	-0.442
2000.605	-0.400
2000.632	-0.384
2000.660	-0.430
2000.687	-0.476
2000.715	-0.528
2000.742	-0.601
2000.769	-0.673
2000.797	-0.740
2000.824	-0.786
2000.851	-0.832
2000.879	-0.876
2000.906	-0.912
2000.934	-0.948
2000.961	-0.974
2000.988	-0.926
2001.016	-0.877
2001.043	-0.828
2001.070	-0.754
2001.098	-0.679
2001.125	-0.604
2001.153	-0.526
2001.180	-0.449
2001.207	-0.375
2001.235	-0.336
2001.262	-0.297
2001.290	-0.260
2001.317	-0.257
2001.344	-0.253
2001.372	-0.249
2001.399	-0.157
2001.426	-0.065
2001.454	0.027
2001.481	0.052
2001.509	0.075
2001.536	0.098
2001.563	0.085
2001.591	0.069
2001.618	0.053
2001.645	-0.008
2001.673	-0.080
2001.700	-0.153
2001.728	-0.153
2001.755	-0.130
2001.782	-0.107
2001.810	-0.123
2001.837	-0.156
2001.864	-0.189
2001.892	-0.243
2001.919	-0.308
2001.947	-0.374
2001.974	-0.336
2002.001	-0.230
2002.029	-0.123
2002.056	-0.019
2002.084	0.082
2002.111	0.184
2002.138	0.206
2002.166	0.162
2002.193	0.118
2002.220	0.112
2002.248	0.131
2002.275	0.151
2002.303	0.185
2002.330	0.231
2002.357	0.277
2002.385	0.377
2002.412	0.534
2002.439	0.692
2002.467	0.777
2002.494	0.771
2002.522	0.764
2002.549	0.786
2002.576	0.854
2002.604	0.922
2002.631	0.983
2002.658	1.029
2002.686	1.075
2002.713	1.129
2002.741	1.211
2002.768	1.293
2002.795	1.375
2002.823	1.461
2002.850	1.546
2002.877	1.616
2002.905	1.583
2002.932	1.550
2002.960	1.512
2002.987	1.406
2003.014	1.299
2003.042	1.193
2003.069	1.051
2003.097	0.909
2003.124	0.769
2003.151	0.708
2003.179	0.647
2003.206	0.577
2003.233	0.394
2003.261	0.210
2003.288	0.027
2003.316	-0.140
2003.343	-0.307
2003.370	-0.474
2003.398	-0.382
2003.425	-0.280
2003.452	-0.179
2003.480	-0.056
2003.507	0.068
2003.535	0.193
2003.562	0.160
2003.589	0.102
2003.617	0.044
2003.644	0.082
2003.671	0.151
2003.699	0.220
2003.726	0.300
2003.754	0.385
2003.781	0.471
2003.808	0.479
2003.836	0.446
2003.863	0.413
2003.890	0.384
2003.918	0.358
2003.945	0.332
2003.973	0.293
2004.000	0.245
2004.027	0.196
2004.055	0.165
2004.082	0.155
2004.110	0.145
2004.137	0.100
2004.164	0.013
2004.192	-0.074
2004.219	-0.092
2004.246	-0.033
2004.274	0.026
2004.301	0.081
2004.329	0.130
2004.356	0.179
2004.383	0.198
2004.411	0.165
2004.438	0.132
2004.465	0.150
2004.493	0.268
2004.520	0.386
2004.548	0.493
2004.575	0.574
2004.602	0.655
2004.630	0.722
2004.657	0.732
2004.684	0.742
2004.712	0.747
2004.739	0.727
2004.767	0.708
2004.794	0.689
2004.821	0.679
2004.849	0.669
2004.876	0.662
2004.903	0.688
2004.931	0.714
2004.958	0.739
2004.986	0.671
2005.013	0.603
2005.040	0.535
2005.068	0.439
2005.095	0.341
2005.123	0.243
2005.150	0.270
2005.177	0.300
2005.205	0.330
2005.232	0.317
2005.259	0.304
2005.287	0.290
2005.314	0.309
2005.342	0.329
2005.369	0.348
2005.396	0.365
2005.424	0.381
2005.451	0.398
2005.478	0.358
2005.506	0.308
2005.533	0.259
2005.561	0.200
2005.588	0.139
2005.615	0.078
2005.643	0.025
2005.670	-0.024
2005.697	-0.073
2005.725	-0.058
2005.752	-0.009
2005.780	0.041
2005.807	-0.013
2005.834	-0.135
2005.862	-0.256
2005.889	-0.377
2005.916	-0.498
2005.944	-0.620
2005.971	-0.720
2005.999	-0.801
2006.026	-0.882
2006.053	-0.891
2006.081	-0.793
2006.108	-0.694
2006.136	-0.642
2006.163	-0.645
2006.190	-0.648
2006.218	-0.575
2006.245	-0.425
2006.272	-0.274
2006.300	-0.154
2006.327	-0.072
2006.355	0.010
2006.382	0.078
2006.409	0.124
2006.437	0.170
2006.464	0.192
2006.491	0.169
2006.519	0.146
2006.546	0.155
2006.574	0.242
2006.601	0.329
2006.628	0.413
2006.656	0.485
2006.683	0.557
2006.710	0.627
2006.738	0.679
2006.765	0.732
2006.793	0.788
2006.820	0.886
2006.847	0.984
2006.875	1.081
2006.902	1.117
2006.930	1.153
2006.957	1.189
2006.984	1.033
2007.012	0.871
2007.039	0.710
2007.066	0.512
2007.094	0.309
2007.121	0.106
2007.149	0.049
2007.176	0.005
2007.203	-0.039
2007.231	-0.027
2007.258	-0.014
2007.285	-0.001
2007.313	-0.084
2007.340	-0.176
2007.368	-0.268
2007.395	-0.229
2007.422	-0.170
2007.450	-0.111
2007.477	-0.188
2007.504	-0.296
2007.532	-0.404
2007.559	-0.477
2007.587	-0.538
2007.614	-0.599
2007.641	-0.691
2007.669	-0.799
2007.696	-0.908
2007.723	-1.053
2007.751	-1.224
2007.778	-1.394
2007.806	-1.492
2007.833	-1.531
2007.860	-1.570
2007.888	-1.592
2007.915	-1.595
2007.943	-1.598
2007.970	-1.638
2007.997	-1.722
2008.025	-1.806
2008.052	-1.864
2008.079	-1.874
2008.107	-1.884
2008.134	-1.801
2008.162	-1.554
2008.189	-1.307
2008.216	-1.126
2008.244	-1.060
2008.271	-0.995
2008.298	-0.920
2008.326	-0.828
2008.353	-0.736
2008.381	-0.653
2008.408	-0.590
2008.435	-0.528
2008.463	-0.445
2008.490	-0.298
2008.517	-0.150
2008.545	-0.026
2008.572	-0.007
2008.600	0.012
2008.627	0.020
2008.654	-0.082
2008.682	-0.184
2008.709	-0.281
2008.736	-0.308
2008.764	-0.334
2008.791	-0.360
2008.819	-0.357
2008.846	-0.353
2008.873	-0.350
2008.901	-0.502
2008.928	-0.660
2008.956	-0.818
2008.983	-0.890
2009.010	-0.954
2009.038	-1.019
2009.065	-0.932
2009.092	-0.814
2009.120	-0.695
2009.147	-0.642
2009.175	-0.598
2009.202	-0.554
2009.229	-0.466
2009.257	-0.374
2009.284	-0.282
2009.311	-0.142
2009.339	0.005
2009.366	0.153
2009.394	0.258
2009.421	0.353
2009.448	0.448
2009.476	0.533
2009.503	0.614
2009.530	0.696
2009.558	0.718
2009.585	0.714
2009.613	0.711
2009.640	0.718
2009.667	0.731
2009.695	0.744
2009.722	0.785
2009.749	0.847
2009.777	0.909
2009.804	1.039
2009.832	1.236
2009.859	1.432
2009.886	1.567
2009.914	1.626
2009.941	1.685
2009.969	1.692
2009.996	1.621
2010.023	1.550
2010.051	1.472
2010.078	1.377
2010.105	1.282
2010.133	1.204
2010.160	1.156
2010.188	1.109
2010.215	1.017
2010.242	0.856
2010.270	0.696
2010.297	0.505
2010.324	0.256
2010.352	0.007
2010.379	-0.216
2010.407	-0.373
2010.434	-0.530
2010.461	-0.688
2010.489	-0.845
2010.516	-1.002
2010.543	-1.141
2010.571	-1.203
2010.598	-1.264
2010.626	-1.329
2010.653	-1.437
2010.680	-1.545
2010.708	-1.650
2010.735	-1.660
2010.762	-1.670
2010.790	-1.680
2010.817	-1.648
2010.845	-1.615
2010.872	-1.582
2010.899	-1.592
2010.927	-1.605
2010.954	-1.618
2010.982	-1.626
2011.009	-1.632
2011.036	-1.639
2011.064	-1.543
2011.091	-1.418
2011.118	-1.292
2011.146	-1.189
2011.173	-1.091
2011.201	-0.993
2011.228	-0.917
2011.255	-0.845
2011.283	-0.773
2011.310	-0.672
2011.337	-0.563
2011.365	-0.455
2011.392	-0.367
2011.420	-0.285
2011.447	-0.203
2011.474	-0.199
2011.502	-0.225
2011.529	-0.251
2011.556	-0.341
2011.584	-0.464
2011.611	-0.586
2011.639	-0.658
2011.666	-0.691
2011.693	-0.724
2011.721	-0.778
2011.748	-0.854
2011.775	-0.929
2011.803	-0.982
2011.830	-1.008
2011.858	-1.034
2011.885	-1.049
2011.912	-1.045
2011.940	-1.042
2011.967	-1.045
2011.995	-1.057
2012.022	-1.070
2012.049	-1.047
2012.077	-0.917
2012.104	-0.786
2012.131	-0.680
2012.159	-0.644
2012.186	-0.607
2012.214	-0.563
2012.241	-0.501
2012.268	-0.439
2012.296	-0.365
2012.323	-0.254
2012.350	-0.142
2012.378	-0.029
2012.405	0.089
2012.433	0.208
2012.460	0.320
2012.487	0.392
2012.515	0.464
2012.542	0.536
2012.569	0.600
2012.597	0.665
2012.624	0.730
2012.652	0.658
2012.679	0.586
2012.706	0.513
2012.734	0.441
2012.761	0.369
2012.789	0.297
2012.816	0.311
2012.843	0.334
2012.871	0.357
2012.898	0.226
2012.925	0.072
2012.953	-0.082
2012.980	-0.190
2013.008	-0.286
2013.035	-0.383
2013.062	-0.408
2013.090	-0.404
2013.117	-0.401
2013.144	-0.353
2013.172	-0.292
2013.199	-0.231
2013.227	-0.188
2013.254	-0.148
2013.281	-0.109
2013.309	-0.143
2013.336	-0.198
2013.363	-0.254
2013.391	-0.256
2013.418	-0.236
2013.446	-0.217
2013.473	-0.232
2013.500	-0.265
2013.528	-0.297
2013.555	-0.304
2013.582	-0.294
2013.610	-0.285
2013.637	-0.245
2013.665	-0.176
2013.692	-0.107
2013.719	-0.109
2013.747	-0.194
2013.774	-0.279
2013.802	-0.285
2013.829	-0.173
2013.856	-0.062
2013.884	0.004
2013.911	-0.012
2013.938	-0.029
2013.966	-0.086
2013.993	-0.237
2014.021	-0.389
2014.048	-0.513
2014.075	-0.526
2014.103	-0.540
2014.130	-0.522
2014.157	-0.411
2014.185	-0.299
2014.212	-0.176
2014.240	-0.025
2014.267	0.126
2014.294	-79.326
2014.322	-407.016
2014.349	-734.707
