3.699999999999999956e-01
1.960000000000000075e-01
6.099999999999999867e-02
8.899999999999999578e-02
1.310000000000000053e-01
2.400000000000000050e-02
-8.899999999999999578e-02
1.789999999999999925e-01
1.630000000000000060e-01
2.149999999999999967e-01
4.390000000000000013e-01
6.300000000000000044e-01
4.919999999999999929e-01
5.290000000000000258e-01
3.360000000000000209e-01
4.470000000000000084e-01
3.099999999999999978e-01
3.150000000000000022e-01
4.599999999999999922e-02
2.500000000000000139e-02
8.999999999999999320e-03
2.699999999999999969e-02
-4.299999999999999656e-02
-3.140000000000000013e-01
-3.860000000000000098e-01
-5.020000000000000018e-01
-5.430000000000000382e-01
-6.810000000000000497e-01
-9.070000000000000284e-01
-8.950000000000000178e-01
-7.409999999999999920e-01
-4.580000000000000182e-01
-5.600000000000000533e-01
-3.500000000000000333e-02
1.469999999999999918e-01
2.899999999999999800e-01
2.620000000000000107e-01
6.680000000000000382e-01
6.109999999999999876e-01
6.420000000000000151e-01
6.989999999999999547e-01
5.749999999999999556e-01
9.900000000000000466e-02
1.059999999999999970e-01
-2.469999999999999973e-01
-4.010000000000000231e-01
-4.510000000000000120e-01
-7.950000000000000400e-01
-6.680000000000000382e-01
-9.699999999999999734e-01
-1.108000000000000096e+00
-1.530000000000000027e+00
-1.735000000000000098e+00
-1.752999999999999892e+00
-1.608999999999999986e+00
-1.651000000000000023e+00
-1.566000000000000059e+00
-1.387999999999999901e+00
-7.359999999999999876e-01
-5.699999999999999512e-01
-5.260000000000000231e-01
-4.089999999999999747e-01
-1.160000000000000059e-01
-4.109999999999999765e-01
-6.530000000000000249e-01
-5.699999999999999512e-01
-5.440000000000000391e-01
-1.028000000000000025e+00
-8.319999999999999618e-01
-6.239999999999999991e-01
-2.899999999999999800e-01
-2.929999999999999827e-01
1.110000000000000014e-01
4.149999999999999800e-01
7.650000000000000133e-01
1.143000000000000016e+00
1.143999999999999906e+00
1.014999999999999902e+00
1.306999999999999940e+00
1.723000000000000087e+00
1.792000000000000037e+00
1.098999999999999977e+00
8.459999999999999742e-01
3.840000000000000080e-01
2.359999999999999876e-01
-3.479999999999999760e-01
-9.509999999999999565e-01
-1.225999999999999979e+00
-1.298000000000000043e+00
-1.622999999999999998e+00
-1.733999999999999986e+00
-1.735000000000000098e+00
-1.514000000000000012e+00
-1.483999999999999986e+00
-1.465999999999999970e+00
-1.340999999999999970e+00
-8.030000000000000471e-01
-6.750000000000000444e-01
-7.259999999999999787e-01
-6.410000000000000142e-01
-4.829999999999999849e-01
-6.159999999999999920e-01
-9.889999999999999902e-01
-8.890000000000000124e-01
-1.044999999999999929e+00
-1.038999999999999924e+00
-8.970000000000000195e-01
-7.469999999999999973e-01
-7.319999999999999840e-01
-3.350000000000000200e-01
-1.789999999999999925e-01
3.599999999999999728e-02
2.599999999999999881e-02
1.940000000000000058e-01
4.540000000000000147e-01
3.850000000000000089e-01
7.000000000000000146e-03
-8.100000000000000255e-02
5.999999999999999778e-02
-3.009999999999999898e-01
-3.980000000000000204e-01
-4.470000000000000084e-01
-4.590000000000000191e-01
-2.310000000000000109e-01
-2.280000000000000082e-01
-3.150000000000000022e-01
-3.160000000000000031e-01
-2.030000000000000138e-01
-2.099999999999999922e-01
-2.139999999999999958e-01
-2.109999999999999931e-01
