-1.299999999999999940e-02
-2.220000000000000029e-01
-1.439999999999999891e-01
1.899999999999999953e-02
2.199999999999999872e-02
1.990000000000000102e-01
2.620000000000000107e-01
3.089999999999999969e-01
2.919999999999999818e-01
2.520000000000000018e-01
3.049999999999999933e-01
2.899999999999999800e-01
3.190000000000000058e-01
3.750000000000000000e-01
3.539999999999999813e-01
3.599999999999999867e-01
3.509999999999999787e-01
3.439999999999999725e-01
3.850000000000000089e-01
3.840000000000000080e-01
5.140000000000000124e-01
3.870000000000000107e-01
3.519999999999999796e-01
2.610000000000000098e-01
2.290000000000000091e-01
4.299999999999999656e-02
-1.059999999999999970e-01
-8.000000000000000167e-03
1.099999999999999936e-02
6.700000000000000400e-02
-2.730000000000000204e-01
-6.350000000000000089e-01
-1.135999999999999899e+00
-1.052999999999999936e+00
-6.740000000000000435e-01
-4.239999999999999880e-01
1.580000000000000016e-01
1.280000000000000027e-01
2.310000000000000109e-01
1.150000000000000050e-01
3.059999999999999942e-01
3.280000000000000138e-01
3.980000000000000204e-01
4.600000000000000200e-01
4.610000000000000209e-01
2.580000000000000071e-01
3.499999999999999778e-01
2.089999999999999913e-01
2.730000000000000204e-01
1.970000000000000084e-01
-3.599999999999999728e-02
-8.100000000000000255e-02
-6.360000000000000098e-01
-5.530000000000000471e-01
-9.649999999999999689e-01
-9.060000000000000275e-01
-1.155999999999999917e+00
-1.127999999999999892e+00
-1.338999999999999968e+00
-1.268000000000000016e+00
-1.294000000000000039e+00
-8.920000000000000151e-01
-8.389999999999999680e-01
-4.199999999999999845e-01
-2.210000000000000020e-01
5.800000000000000294e-02
-1.059999999999999970e-01
-2.020000000000000129e-01
-3.099999999999999978e-01
-3.290000000000000147e-01
-7.740000000000000213e-01
-5.130000000000000115e-01
-7.970000000000000417e-01
-5.150000000000000133e-01
-6.750000000000000444e-01
7.399999999999999634e-02
1.439999999999999891e-01
3.109999999999999987e-01
3.220000000000000084e-01
3.469999999999999751e-01
3.609999999999999876e-01
4.000000000000000222e-01
4.630000000000000226e-01
5.699999999999999512e-01
4.440000000000000058e-01
5.769999999999999574e-01
4.329999999999999960e-01
4.309999999999999942e-01
1.759999999999999898e-01
-8.899999999999999578e-02
-5.899999999999999689e-01
-1.124000000000000110e+00
-1.485999999999999988e+00
-1.520000000000000018e+00
-1.524000000000000021e+00
-1.415999999999999925e+00
-1.340000000000000080e+00
-1.127000000000000002e+00
-1.096999999999999975e+00
-6.430000000000000160e-01
-4.670000000000000262e-01
-2.419999999999999929e-01
-3.509999999999999787e-01
-3.539999999999999813e-01
-5.410000000000000364e-01
-8.489999999999999769e-01
-7.269999999999999796e-01
-9.260000000000000453e-01
-9.060000000000000275e-01
-9.949999999999999956e-01
-1.034000000000000030e+00
-1.046999999999999931e+00
-7.019999999999999574e-01
-6.490000000000000213e-01
-1.010000000000000064e-01
5.500000000000000028e-02
2.109999999999999931e-01
1.729999999999999871e-01
2.600000000000000089e-01
2.089999999999999913e-01
2.250000000000000056e-01
2.099999999999999922e-01
3.200000000000000067e-02
6.900000000000000577e-02
1.499999999999999944e-02
-7.599999999999999811e-02
-1.799999999999999933e-01
-1.320000000000000062e-01
-2.580000000000000071e-01
-2.819999999999999729e-01
-5.490000000000000435e-01
