4.060000000000000275e-01
5.809999999999999609e-01
3.750000000000000000e-01
6.360000000000000098e-01
7.319999999999999840e-01
6.149999999999999911e-01
6.520000000000000240e-01
5.629999999999999449e-01
6.290000000000000036e-01
4.869999999999999885e-01
3.069999999999999951e-01
5.929999999999999716e-01
4.249999999999999889e-01
6.009999999999999787e-01
7.199999999999999734e-01
8.339999999999999636e-01
7.700000000000000178e-01
8.629999999999999893e-01
7.139999999999999680e-01
8.850000000000000089e-01
6.370000000000000107e-01
8.359999999999999654e-01
3.890000000000000124e-01
7.610000000000000098e-01
4.789999999999999813e-01
7.239999999999999769e-01
4.570000000000000173e-01
4.470000000000000084e-01
4.060000000000000275e-01
3.870000000000000107e-01
3.170000000000000040e-01
7.000000000000000146e-03
-1.729999999999999871e-01
-3.689999999999999947e-01
-2.439999999999999947e-01
8.000000000000000167e-03
-1.940000000000000058e-01
4.899999999999999911e-01
2.449999999999999956e-01
6.560000000000000275e-01
2.969999999999999862e-01
8.519999999999999796e-01
7.119999999999999662e-01
9.140000000000000346e-01
9.110000000000000320e-01
9.779999999999999805e-01
5.679999999999999494e-01
9.020000000000000240e-01
1.340000000000000080e-01
5.350000000000000311e-01
1.849999999999999978e-01
1.910000000000000031e-01
4.390000000000000013e-01
-8.000000000000000167e-03
9.299999999999999933e-02
-6.099999999999999867e-01
-5.709999999999999520e-01
-8.319999999999999618e-01
-6.879999999999999449e-01
-9.739999999999999769e-01
-7.700000000000000178e-01
-8.539999999999999813e-01
-1.340000000000000080e-01
-3.380000000000000226e-01
1.859999999999999987e-01
7.199999999999999456e-02
6.219999999999999973e-01
2.439999999999999947e-01
2.979999999999999871e-01
2.159999999999999976e-01
1.880000000000000004e-01
-4.859999999999999876e-01
-1.330000000000000071e-01
-4.329999999999999960e-01
1.759999999999999898e-01
-2.919999999999999818e-01
6.139999999999999902e-01
4.759999999999999787e-01
8.599999999999999867e-01
7.710000000000000187e-01
8.100000000000000533e-01
8.219999999999999529e-01
9.679999999999999716e-01
1.080000000000000071e+00
1.102000000000000091e+00
9.719999999999999751e-01
1.078000000000000069e+00
8.790000000000000036e-01
1.004000000000000004e+00
5.120000000000000107e-01
3.220000000000000084e-01
-1.759999999999999898e-01
-1.900000000000000022e-01
-7.540000000000000036e-01
-6.480000000000000204e-01
-8.479999999999999760e-01
-6.169999999999999929e-01
-8.579999999999999849e-01
-7.520000000000000018e-01
-8.409999999999999698e-01
-2.399999999999999911e-01
-3.569999999999999840e-01
8.599999999999999312e-02
4.700000000000000011e-02
4.380000000000000004e-01
1.910000000000000031e-01
-1.439999999999999891e-01
-4.200000000000000261e-02
-3.649999999999999911e-01
-3.420000000000000262e-01
-3.250000000000000111e-01
-1.809999999999999942e-01
-2.829999999999999738e-01
2.169999999999999984e-01
2.699999999999999969e-02
4.189999999999999836e-01
2.740000000000000213e-01
7.099999999999999645e-01
6.989999999999999547e-01
8.770000000000000018e-01
5.719999999999999529e-01
6.590000000000000302e-01
6.670000000000000373e-01
1.660000000000000087e-01
2.260000000000000064e-01
1.459999999999999909e-01
2.240000000000000047e-01
4.680000000000000271e-01
3.709999999999999964e-01
2.270000000000000073e-01
2.690000000000000169e-01
