-3.230000000000000093e-01
-2.969999999999999862e-01
-2.540000000000000036e-01
-2.260000000000000064e-01
-2.240000000000000047e-01
-1.890000000000000013e-01
-2.449999999999999956e-01
-2.280000000000000082e-01
-2.999999999999999889e-01
-3.119999999999999996e-01
-3.180000000000000049e-01
-3.200000000000000067e-01
-3.140000000000000013e-01
-3.089999999999999969e-01
-2.790000000000000258e-01
-2.929999999999999827e-01
-1.930000000000000049e-01
-1.260000000000000009e-01
-4.599999999999999922e-02
-1.940000000000000058e-01
-2.340000000000000135e-01
-2.409999999999999920e-01
-2.169999999999999984e-01
-2.859999999999999765e-01
-3.029999999999999916e-01
-3.069999999999999951e-01
-3.340000000000000191e-01
-3.760000000000000009e-01
-3.950000000000000178e-01
-5.280000000000000249e-01
-5.550000000000000488e-01
-4.440000000000000058e-01
-4.570000000000000173e-01
-8.659999999999999920e-01
-3.890000000000000124e-01
-3.260000000000000120e-01
-3.200000000000000067e-01
-3.140000000000000013e-01
-3.029999999999999916e-01
-2.710000000000000187e-01
-1.239999999999999991e-01
-2.049999999999999878e-01
-1.809999999999999942e-01
-7.900000000000000078e-02
-1.160000000000000059e-01
-3.330000000000000182e-01
-7.399999999999999911e-01
-1.171000000000000041e+00
-1.344000000000000083e+00
-1.578000000000000069e+00
-1.637999999999999901e+00
-1.627000000000000002e+00
-1.568999999999999950e+00
-1.554000000000000048e+00
-1.566999999999999948e+00
-1.614000000000000101e+00
-1.616000000000000103e+00
-1.508000000000000007e+00
-7.760000000000000231e-01
-4.229999999999999871e-01
-3.370000000000000218e-01
-3.220000000000000084e-01
-3.099999999999999978e-01
-2.810000000000000275e-01
-2.700000000000000178e-01
-2.979999999999999871e-01
-3.109999999999999987e-01
-3.150000000000000022e-01
-3.240000000000000102e-01
-4.390000000000000013e-01
-5.320000000000000284e-01
-8.189999999999999503e-01
-4.329999999999999960e-01
-3.860000000000000098e-01
-4.089999999999999747e-01
-3.380000000000000226e-01
-2.979999999999999871e-01
-2.109999999999999931e-01
-1.199999999999999956e-01
-9.199999999999999845e-02
-2.169999999999999984e-01
-2.530000000000000027e-01
-2.469999999999999973e-01
-2.650000000000000133e-01
-2.449999999999999956e-01
-2.979999999999999871e-01
-3.220000000000000084e-01
-3.639999999999999902e-01
-6.370000000000000107e-01
-1.340999999999999970e+00
-1.622999999999999998e+00
-1.643000000000000016e+00
-1.647000000000000020e+00
-1.649000000000000021e+00
-1.649999999999999911e+00
-1.649999999999999911e+00
-1.649000000000000021e+00
-1.639999999999999902e+00
-1.502000000000000002e+00
-4.919999999999999929e-01
-3.150000000000000022e-01
-2.760000000000000231e-01
-1.749999999999999889e-01
-4.000000000000000083e-02
-2.260000000000000064e-01
-3.109999999999999987e-01
-3.430000000000000271e-01
-3.750000000000000000e-01
-4.540000000000000147e-01
-3.430000000000000271e-01
-3.820000000000000062e-01
-5.819999999999999618e-01
-5.230000000000000204e-01
-3.890000000000000124e-01
-3.569999999999999840e-01
-3.200000000000000067e-01
-3.039999999999999925e-01
-2.979999999999999871e-01
-2.839999999999999747e-01
-3.069999999999999951e-01
-3.180000000000000049e-01
-3.679999999999999938e-01
-5.809999999999999609e-01
-9.350000000000000533e-01
-1.098999999999999977e+00
-8.419999999999999707e-01
-6.480000000000000204e-01
-8.469999999999999751e-01
-4.989999999999999991e-01
-6.989999999999999547e-01
