4.540000000000000147e-01
4.359999999999999987e-01
4.209999999999999853e-01
3.109999999999999987e-01
2.340000000000000135e-01
3.430000000000000271e-01
3.449999999999999734e-01
3.649999999999999911e-01
4.369999999999999996e-01
4.600000000000000200e-01
4.719999999999999751e-01
4.959999999999999964e-01
4.699999999999999734e-01
4.819999999999999840e-01
4.839999999999999858e-01
5.560000000000000497e-01
6.219999999999999973e-01
5.200000000000000178e-01
4.849999999999999867e-01
4.640000000000000235e-01
4.749999999999999778e-01
6.039999999999999813e-01
1.612000000000000099e+00
1.385000000000000009e+00
7.119999999999999662e-01
4.680000000000000271e-01
4.580000000000000182e-01
4.349999999999999978e-01
3.800000000000000044e-01
3.719999999999999973e-01
3.599999999999999867e-01
3.739999999999999991e-01
3.719999999999999973e-01
2.670000000000000151e-01
1.229999999999999982e-01
-2.700000000000000178e-01
-2.750000000000000222e-01
-1.600000000000000033e-01
2.680000000000000160e-01
4.159999999999999809e-01
4.249999999999999889e-01
4.229999999999999871e-01
4.460000000000000075e-01
4.590000000000000191e-01
4.660000000000000253e-01
4.789999999999999813e-01
4.709999999999999742e-01
4.630000000000000226e-01
4.610000000000000209e-01
4.610000000000000209e-01
4.689999999999999725e-01
4.969999999999999973e-01
4.699999999999999734e-01
4.309999999999999942e-01
2.540000000000000036e-01
-3.370000000000000218e-01
-5.749999999999999556e-01
-5.899999999999999689e-01
-3.559999999999999831e-01
-4.309999999999999942e-01
-5.600000000000000533e-01
-6.740000000000000435e-01
-6.450000000000000178e-01
-5.060000000000000053e-01
-3.280000000000000138e-01
-1.610000000000000042e-01
-6.400000000000000133e-02
1.930000000000000049e-01
1.380000000000000115e-01
-5.299999999999999850e-02
-8.999999999999999320e-03
1.000000000000000056e-01
1.920000000000000040e-01
2.560000000000000053e-01
3.310000000000000164e-01
2.740000000000000213e-01
1.719999999999999862e-01
3.140000000000000013e-01
4.289999999999999925e-01
4.490000000000000102e-01
4.560000000000000164e-01
4.610000000000000209e-01
4.660000000000000253e-01
4.689999999999999725e-01
4.670000000000000262e-01
4.660000000000000253e-01
4.660000000000000253e-01
4.699999999999999734e-01
4.670000000000000262e-01
4.650000000000000244e-01
4.570000000000000173e-01
4.440000000000000058e-01
3.489999999999999769e-01
-6.900000000000000577e-02
-7.129999999999999671e-01
-7.469999999999999973e-01
-7.479999999999999982e-01
-7.469999999999999973e-01
-7.179999999999999716e-01
-6.099999999999999867e-01
-3.360000000000000209e-01
-1.120000000000000023e-01
9.600000000000000200e-02
2.929999999999999827e-01
2.740000000000000213e-01
1.779999999999999916e-01
-2.849999999999999756e-01
-6.079999999999999849e-01
-5.560000000000000497e-01
-5.360000000000000320e-01
-4.490000000000000102e-01
-4.869999999999999885e-01
-2.439999999999999947e-01
-1.570000000000000007e-01
8.500000000000000611e-02
1.310000000000000053e-01
2.079999999999999905e-01
3.360000000000000209e-01
4.259999999999999898e-01
4.369999999999999996e-01
4.000000000000000222e-01
3.639999999999999902e-01
4.000000000000000222e-01
4.540000000000000147e-01
4.450000000000000067e-01
4.460000000000000075e-01
4.500000000000000111e-01
4.480000000000000093e-01
4.189999999999999836e-01
3.280000000000000138e-01
