4.199999999999999845e-01
4.590000000000000191e-01
3.880000000000000115e-01
4.719999999999999751e-01
2.959999999999999853e-01
3.310000000000000164e-01
3.860000000000000098e-01
4.979999999999999982e-01
4.400000000000000022e-01
5.010000000000000009e-01
4.709999999999999742e-01
4.759999999999999787e-01
4.680000000000000271e-01
4.789999999999999813e-01
4.709999999999999742e-01
4.759999999999999787e-01
4.829999999999999849e-01
4.759999999999999787e-01
4.749999999999999778e-01
4.749999999999999778e-01
4.729999999999999760e-01
4.789999999999999813e-01
4.839999999999999858e-01
5.290000000000000258e-01
4.969999999999999973e-01
4.779999999999999805e-01
4.620000000000000218e-01
5.240000000000000213e-01
3.830000000000000071e-01
4.630000000000000226e-01
3.830000000000000071e-01
5.040000000000000036e-01
4.169999999999999818e-01
4.259999999999999898e-01
2.149999999999999967e-01
-1.890000000000000013e-01
1.039999999999999952e-01
3.410000000000000253e-01
3.170000000000000040e-01
4.699999999999999734e-01
4.450000000000000067e-01
4.719999999999999751e-01
4.279999999999999916e-01
4.749999999999999778e-01
4.689999999999999725e-01
4.809999999999999831e-01
4.819999999999999840e-01
5.370000000000000329e-01
4.430000000000000049e-01
4.929999999999999938e-01
4.460000000000000075e-01
4.759999999999999787e-01
4.420000000000000040e-01
4.949999999999999956e-01
3.479999999999999760e-01
4.129999999999999782e-01
2.210000000000000020e-01
3.019999999999999907e-01
1.710000000000000131e-01
2.149999999999999967e-01
1.130000000000000032e-01
9.400000000000000022e-02
8.000000000000000167e-02
1.089999999999999997e-01
2.240000000000000047e-01
2.600000000000000089e-01
3.689999999999999947e-01
4.149999999999999800e-01
4.540000000000000147e-01
4.159999999999999809e-01
4.169999999999999818e-01
3.639999999999999902e-01
3.900000000000000133e-01
2.330000000000000127e-01
3.840000000000000080e-01
2.310000000000000109e-01
3.830000000000000071e-01
2.349999999999999867e-01
4.650000000000000244e-01
4.440000000000000058e-01
4.749999999999999778e-01
4.680000000000000271e-01
4.759999999999999787e-01
4.739999999999999769e-01
4.769999999999999796e-01
4.749999999999999778e-01
5.030000000000000027e-01
4.759999999999999787e-01
4.859999999999999876e-01
4.769999999999999796e-01
5.050000000000000044e-01
4.279999999999999916e-01
4.839999999999999858e-01
2.079999999999999905e-01
1.320000000000000062e-01
3.500000000000000333e-02
-6.430000000000000160e-01
-4.949999999999999956e-01
-4.969999999999999973e-01
4.000000000000000083e-02
3.190000000000000058e-01
1.069999999999999979e-01
4.099999999999999756e-01
3.039999999999999925e-01
4.500000000000000111e-01
3.019999999999999907e-01
4.789999999999999813e-01
2.069999999999999896e-01
3.190000000000000058e-01
1.950000000000000067e-01
2.949999999999999845e-01
1.779999999999999916e-01
2.700000000000000178e-01
1.179999999999999938e-01
2.260000000000000064e-01
2.369999999999999885e-01
3.340000000000000191e-01
4.179999999999999827e-01
4.580000000000000182e-01
4.670000000000000262e-01
4.620000000000000218e-01
4.680000000000000271e-01
4.660000000000000253e-01
4.680000000000000271e-01
4.640000000000000235e-01
4.460000000000000075e-01
4.580000000000000182e-01
4.480000000000000093e-01
4.410000000000000031e-01
