-3.509999999999999787e-01
-3.589999999999999858e-01
-1.849999999999999978e-01
1.000000000000000056e-01
3.800000000000000044e-01
2.700000000000000178e-01
-1.409999999999999865e-01
2.280000000000000082e-01
2.869999999999999774e-01
3.430000000000000271e-01
1.570000000000000007e-01
-1.179999999999999938e-01
-1.519999999999999962e-01
1.400000000000000029e-02
3.200000000000000067e-01
3.840000000000000080e-01
3.880000000000000115e-01
3.180000000000000049e-01
3.689999999999999947e-01
3.709999999999999964e-01
3.140000000000000013e-01
-2.500000000000000139e-02
2.200000000000000011e-01
2.159999999999999976e-01
-6.700000000000000400e-02
3.639999999999999902e-01
3.920000000000000151e-01
3.950000000000000178e-01
3.970000000000000195e-01
3.980000000000000204e-01
3.790000000000000036e-01
3.980000000000000204e-01
3.960000000000000187e-01
3.810000000000000053e-01
2.999999999999999889e-01
1.690000000000000113e-01
2.630000000000000115e-01
3.950000000000000178e-01
3.950000000000000178e-01
3.880000000000000115e-01
6.600000000000000311e-02
-2.069999999999999896e-01
3.400000000000000244e-01
4.000000000000000222e-01
3.990000000000000213e-01
4.000000000000000222e-01
3.940000000000000169e-01
4.010000000000000231e-01
3.940000000000000169e-01
4.010000000000000231e-01
3.960000000000000187e-01
3.699999999999999956e-01
3.900000000000000133e-01
3.750000000000000000e-01
3.910000000000000142e-01
4.020000000000000240e-01
3.990000000000000213e-01
3.990000000000000213e-01
3.950000000000000178e-01
3.980000000000000204e-01
3.990000000000000213e-01
4.030000000000000249e-01
3.689999999999999947e-01
3.940000000000000169e-01
4.030000000000000249e-01
4.020000000000000240e-01
4.030000000000000249e-01
3.970000000000000195e-01
3.940000000000000169e-01
3.669999999999999929e-01
2.720000000000000195e-01
-9.299999999999999933e-02
-3.290000000000000147e-01
1.400000000000000029e-02
3.770000000000000018e-01
2.510000000000000009e-01
4.030000000000000249e-01
4.030000000000000249e-01
4.020000000000000240e-01
3.980000000000000204e-01
4.040000000000000258e-01
3.840000000000000080e-01
3.800000000000000044e-01
3.709999999999999964e-01
3.619999999999999885e-01
4.060000000000000275e-01
3.380000000000000226e-01
2.359999999999999876e-01
3.330000000000000182e-01
2.379999999999999893e-01
3.810000000000000053e-01
2.489999999999999991e-01
-2.039999999999999869e-01
-3.240000000000000102e-01
-3.270000000000000129e-01
-3.479999999999999760e-01
-3.320000000000000173e-01
-3.370000000000000218e-01
-1.890000000000000013e-01
3.069999999999999951e-01
3.479999999999999760e-01
4.040000000000000258e-01
3.970000000000000195e-01
4.069999999999999729e-01
4.050000000000000266e-01
3.739999999999999991e-01
3.890000000000000124e-01
3.699999999999999956e-01
-5.899999999999999689e-02
1.829999999999999960e-01
3.469999999999999751e-01
1.769999999999999907e-01
4.089999999999999747e-01
4.000000000000000222e-01
3.980000000000000204e-01
3.870000000000000107e-01
4.069999999999999729e-01
4.020000000000000240e-01
4.000000000000000222e-01
3.150000000000000022e-01
2.560000000000000053e-01
3.840000000000000080e-01
4.030000000000000249e-01
4.060000000000000275e-01
4.099999999999999756e-01
3.890000000000000124e-01
8.599999999999999312e-02
-7.199999999999999456e-02
-2.010000000000000120e-01
-2.959999999999999853e-01
-3.519999999999999796e-01
-3.109999999999999987e-01
-3.310000000000000164e-01
-2.640000000000000124e-01
2.909999999999999809e-01
2.419999999999999929e-01
3.970000000000000195e-01
4.030000000000000249e-01
4.089999999999999747e-01
4.069999999999999729e-01
1.330000000000000071e-01
1.980000000000000093e-01
-1.710000000000000131e-01
-1.310000000000000053e-01
2.710000000000000187e-01
2.760000000000000231e-01
4.089999999999999747e-01
4.040000000000000258e-01
4.050000000000000266e-01
4.079999999999999738e-01
4.099999999999999756e-01
3.980000000000000204e-01
4.050000000000000266e-01
4.109999999999999765e-01
3.980000000000000204e-01
4.109999999999999765e-01
3.469999999999999751e-01
2.730000000000000204e-01
3.739999999999999991e-01
4.109999999999999765e-01
4.079999999999999738e-01
3.039999999999999925e-01
2.770000000000000240e-01
3.770000000000000018e-01
3.739999999999999991e-01
4.099999999999999756e-01
4.069999999999999729e-01
4.089999999999999747e-01
