2016   7   21.79    0.17   25.14   -0.48   29.06    0.26   26.73   -0.49
2016   8   21.03    0.39   24.53   -0.46   28.68   -0.00   26.28   -0.54
2016   9   20.87    0.53   24.67   -0.18   28.48   -0.21   26.11   -0.61
2016  10   21.18    0.39   24.47   -0.45   28.26   -0.40   25.96   -0.73
2016  11   21.68    0.09   24.58   -0.40   28.27   -0.37   26.10   -0.55
2016  12   23.35    0.53   24.78   -0.36   28.35   -0.14   26.16   -0.41
2017   1   25.75    1.23   25.61   -0.02   28.18   -0.12   26.25   -0.32
2017   2   27.76    1.62   27.00    0.63   28.03   -0.07   26.87    0.14
2017   3   28.52    1.89   27.70    0.57   28.13   -0.06   27.34    0.13
2017   4   26.53    0.93   28.09    0.59   28.65    0.15   28.10    0.32
2017   5   25.06    0.78   27.60    0.51   29.08    0.29   28.30    0.46