198001 0.2605404E+16 0.7657363E+14
198002 0.2564434E+16 0.7004931E+14
198003 0.2514065E+16 0.5240853E+14
198004 0.2468250E+16 0.4008869E+14
198005 0.2439852E+16 0.4020975E+14
198006 0.2424722E+16 0.4331367E+14
198007 0.2423295E+16 0.4680924E+14
198008 0.2443604E+16 0.4951346E+14
198009 0.2497698E+16 0.6458933E+14
198010 0.2566956E+16 0.8508813E+14
198011 0.2621343E+16 0.9439586E+14
198012 0.2623023E+16 0.7808948E+14
198101 0.2576040E+16 0.4720867E+14
198102 0.2559533E+16 0.6514848E+14
198103 0.2557277E+16 0.9562127E+14
198104 0.2502153E+16 0.7399262E+14
198105 0.2438036E+16 0.3839298E+14
198106 0.2390536E+16 0.9127879E+13
198107 0.2386925E+16 0.1043945E+14
198108 0.2431289E+16 0.3719898E+14
198109 0.2478905E+16 0.4579670E+14
198110 0.2514995E+16 0.3312708E+14
198111 0.2548837E+16 0.2188984E+14
198112 0.2581163E+16 0.3622912E+14
198201 0.2599254E+16 0.7042297E+14
198202 0.2575204E+16 0.8081947E+14
198203 0.2542435E+16 0.8077921E+14
198204 0.2529230E+16 0.1010692E+15
198205 0.2504609E+16 0.1049669E+15
198206 0.2463242E+16 0.8183362E+14
198207 0.2454411E+16 0.7792574E+14
198208 0.2518700E+16 0.1246093E+15
198209 0.2604845E+16 0.1717359E+15
198210 0.2646047E+16 0.1641789E+15
198211 0.2654919E+16 0.1279715E+15
198212 0.2626871E+16 0.8193697E+14
198301 0.2526509E+16 -.2321698E+13
198302 0.2448249E+16 -.4613573E+14
198303 0.2423759E+16 -.3789718E+14
198304 0.2390321E+16 -.3783947E+14
198305 0.2342143E+16 -.5749968E+14
198306 0.2284675E+16 -.9673313E+14
198307 0.2249621E+16 -.1268643E+15
198308 0.2258997E+16 -.1350934E+15
198309 0.2255998E+16 -.1771102E+15
198310 0.2232468E+16 -.2493994E+15
198311 0.2271716E+16 -.2552314E+15
198312 0.2332108E+16 -.2128253E+15
198401 0.2348520E+16 -.1803105E+15
198402 0.2348944E+16 -.1454405E+15
198403 0.2342027E+16 -.1196288E+15
198404 0.2310519E+16 -.1176416E+15
198405 0.2268976E+16 -.1306663E+15
198406 0.2250153E+16 -.1312554E+15
198407 0.2260530E+16 -.1159555E+15
198408 0.2302695E+16 -.9139556E+14
198409 0.2344288E+16 -.8882100E+14
198410 0.2388159E+16 -.9370921E+14
198411 0.2455483E+16 -.7146450E+14
198412 0.2487950E+16 -.5698375E+14
198501 0.2483845E+16 -.4498549E+14
198502 0.2477009E+16 -.1737610E+14
198503 0.2465358E+16 0.3701993E+13
198504 0.2450640E+16 0.2247959E+14
198505 0.2431770E+16 0.3212716E+14
198506 0.2419480E+16 0.3807193E+14
198507 0.2424329E+16 0.4784379E+14
198508 0.2445586E+16 0.5149558E+14
198509 0.2475940E+16 0.4283183E+14
198510 0.2519580E+16 0.3771223E+14
198511 0.2572301E+16 0.4535378E+14
198512 0.2588258E+16 0.4332414E+14
198601 0.2563317E+16 0.3448590E+14
198602 0.2538062E+16 0.4367713E+14
198603 0.2505328E+16 0.4367176E+14
198604 0.2478123E+16 0.4996174E+14
198605 0.2476218E+16 0.7657578E+14
198606 0.2476150E+16 0.9474215E+14
198607 0.2471204E+16 0.9471799E+14
198608 0.2480367E+16 0.8627703E+14
198609 0.2524212E+16 0.9110324E+14
198610 0.2589941E+16 0.1080732E+15
198611 0.2628237E+16 0.1012890E+15
198612 0.2628954E+16 0.8402030E+14
198701 0.2577159E+16 0.4832858E+14
198702 0.2500974E+16 0.6589017E+13
198703 0.2449796E+16 -.1186055E+14
198704 0.2402622E+16 -.2553922E+14
198705 0.2349161E+16 -.5048170E+14
198706 0.2289500E+16 -.9190827E+14
198707 0.2259842E+16 -.1166438E+15
198708 0.2295905E+16 -.9818564E+14
198709 0.2334412E+16 -.9869620E+14
198710 0.2359529E+16 -.1223389E+15
198711 0.2383790E+16 -.1431577E+15
198712 0.2383631E+16 -.1613023E+15
198801 0.2353099E+16 -.1757318E+15
198802 0.2295409E+16 -.1989759E+15
198803 0.2238371E+16 -.2232856E+15
198804 0.2195940E+16 -.2322211E+15
198805 0.2184307E+16 -.2153360E+15
198806 0.2200021E+16 -.1813871E+15
198807 0.2224839E+16 -.1516468E+15
198808 0.2247362E+16 -.1467282E+15
198809 0.2274072E+16 -.1590367E+15
198810 0.2308864E+16 -.1730040E+15
198811 0.2369640E+16 -.1573072E+15
198812 0.2439373E+16 -.1055604E+15
198901 0.2491028E+16 -.3780323E+14
198902 0.2514198E+16 0.1981349E+14
198903 0.2517528E+16 0.5587135E+14
198904 0.2519925E+16 0.9176466E+14
198905 0.2513628E+16 0.1139852E+15
198906 0.2492366E+16 0.1109581E+15
198907 0.2477131E+16 0.1006456E+15
198908 0.2478206E+16 0.8411586E+14
198909 0.2494590E+16 0.6148165E+14
198910 0.2534037E+16 0.5216936E+14
198911 0.2596634E+16 0.6968611E+14
198912 0.2658329E+16 0.1133949E+15
199001 0.2689703E+16 0.1608723E+15
199002 0.2680060E+16 0.1856755E+15
199003 0.2634880E+16 0.1732238E+15
199004 0.2547817E+16 0.1196559E+15
199005 0.2463450E+16 0.6380791E+14
199006 0.2421230E+16 0.3982213E+14
199007 0.2430376E+16 0.5389030E+14
199008 0.2470730E+16 0.7663993E+14
199009 0.2507695E+16 0.7458667E+14
199010 0.2542906E+16 0.6103820E+14
199011 0.2586022E+16 0.5907486E+14
199012 0.2626330E+16 0.8139580E+14
199101 0.2614022E+16 0.8519094E+14
199102 0.2558104E+16 0.6371879E+14
199103 0.2515447E+16 0.5379044E+14
199104 0.2496115E+16 0.6795444E+14
199105 0.2486033E+16 0.8639031E+14
199106 0.2484076E+16 0.1026674E+15
199107 0.2490252E+16 0.1137662E+15
199108 0.2508754E+16 0.1146635E+15
199109 0.2548854E+16 0.1157451E+15
199110 0.2605379E+16 0.1235109E+15
199111 0.2650473E+16 0.1235251E+15
199112 0.2673819E+16 0.1288850E+15
199201 0.2653577E+16 0.1247465E+15
199202 0.2578928E+16 0.8454294E+14
199203 0.2475688E+16 0.1403220E+14
199204 0.2386988E+16 -.4117236E+14
199205 0.2311416E+16 -.8822614E+14
199206 0.2275161E+16 -.1062473E+15
199207 0.2296746E+16 -.7973983E+14
199208 0.2340138E+16 -.5395177E+14
199209 0.2401427E+16 -.3168129E+14
199210 0.2471400E+16 -.1046818E+14
199211 0.2526881E+16 -.6657199E+11
199212 0.2564757E+16 0.1982315E+14
199301 0.2547982E+16 0.1915072E+14
199302 0.2504535E+16 0.1015035E+14
199303 0.2470780E+16 0.9123316E+13
199304 0.2424812E+16 -.3348464E+13
199305 0.2360257E+16 -.3938566E+14
199306 0.2285381E+16 -.9602768E+14
199307 0.2243822E+16 -.1326635E+15
199308 0.2268105E+16 -.1259848E+15
199309 0.2341908E+16 -.9120041E+14
199310 0.2409425E+16 -.7244268E+14
199311 0.2446644E+16 -.8030381E+14
199312 0.2451112E+16 -.9382222E+14
199401 0.2423276E+16 -.1055553E+15
199402 0.2388269E+16 -.1061163E+15
199403 0.2369788E+16 -.9186855E+14
199404 0.2367871E+16 -.6029007E+14
199405 0.2366867E+16 -.3277570E+14
199406 0.2357347E+16 -.2406121E+14
199407 0.2359351E+16 -.1713477E+14
199408 0.2396386E+16 0.2295928E+13
199409 0.2464412E+16 0.3130333E+14
199410 0.2541941E+16 0.6007371E+14
199411 0.2595705E+16 0.6875733E+14
199412 0.2570373E+16 0.2543909E+14
199501 0.2492226E+16 -.3660520E+14
199502 0.2412291E+16 -.8209347E+14
199503 0.2345987E+16 -.1156696E+15
199504 0.2317874E+16 -.1102870E+15
199505 0.2327909E+16 -.7173401E+14
199506 0.2342137E+16 -.3927157E+14
199507 0.2344089E+16 -.3239640E+14
199508 0.2343280E+16 -.5080973E+14
199509 0.2359580E+16 -.7352823E+14
199510 0.2417303E+16 -.6456490E+14
199511 0.2490857E+16 -.3609007E+14
199512 0.2543478E+16 -.1455994E+13
199601 0.2557287E+16 0.2845631E+14
199602 0.2542566E+16 0.4818148E+14
199603 0.2507897E+16 0.4624069E+14
199604 0.2465162E+16 0.3700114E+14
199605 0.2445983E+16 0.4634028E+14
199606 0.2440368E+16 0.5896024E+14
199607 0.2428658E+16 0.5217258E+14
199608 0.2439065E+16 0.4497502E+14
199609 0.2469404E+16 0.3629543E+14
199610 0.2512970E+16 0.3110227E+14
199611 0.2579045E+16 0.5209795E+14
199612 0.2642714E+16 0.9778030E+14
199701 0.2686328E+16 0.1574970E+15
199702 0.2694120E+16 0.1997348E+15
199703 0.2686111E+16 0.2244550E+15
199704 0.2687697E+16 0.2595366E+15
199705 0.2666868E+16 0.2672259E+15
199706 0.2612996E+16 0.2315881E+15
199707 0.2555528E+16 0.1790427E+15
199708 0.2550211E+16 0.1561207E+15
199709 0.2602844E+16 0.1697358E+15
199710 0.2645864E+16 0.1639966E+15
199711 0.2611981E+16 0.8503310E+14
199712 0.2498276E+16 -.4665784E+14
199801 0.2358433E+16 -.1703983E+15
199802 0.2267978E+16 -.2264065E+15
199803 0.2202850E+16 -.2588065E+15
199804 0.2134285E+16 -.2938756E+15
199805 0.2066714E+16 -.3329283E+15
199806 0.2022970E+16 -.3584382E+15
199807 0.2004112E+16 -.3723738E+15
199808 0.2031529E+16 -.3625610E+15
199809 0.2094708E+16 -.3384009E+15
199810 0.2163092E+16 -.3187758E+15
199811 0.2235136E+16 -.2918115E+15
199812 0.2307169E+16 -.2377648E+15
199901 0.2347512E+16 -.1813190E+15
199902 0.2353556E+16 -.1408285E+15
199903 0.2336246E+16 -.1254101E+15
199904 0.2321196E+16 -.1069648E+15
199905 0.2307033E+16 -.9260970E+14
199906 0.2299004E+16 -.8240458E+14
199907 0.2295479E+16 -.8100630E+14
199908 0.2292051E+16 -.1020393E+15
199909 0.2323113E+16 -.1099960E+15
199910 0.2381948E+16 -.9991946E+14
199911 0.2426284E+16 -.1006638E+15
199912 0.2462247E+16 -.8268671E+14
200001 0.2487857E+16 -.4097399E+14
200002 0.2493046E+16 -.1338688E+13
200003 0.2481390E+16 0.1973350E+14
200004 0.2462374E+16 0.3421344E+14
200005 0.2453312E+16 0.5366937E+14
200006 0.2445155E+16 0.6374725E+14
200007 0.2429275E+16 0.5278971E+14
200008 0.2423873E+16 0.2978238E+14
200009 0.2454025E+16 0.2091595E+14
200010 0.2501178E+16 0.1931071E+14
200011 0.2536732E+16 0.9784204E+13
200012 0.2555972E+16 0.1103833E+14
200101 0.2546211E+16 0.1737985E+14
200102 0.2512901E+16 0.1851641E+14
200103 0.2494813E+16 0.3315661E+14
200104 0.2475254E+16 0.4709297E+14
200105 0.2448680E+16 0.4903752E+14
200106 0.2440925E+16 0.5951697E+14
200107 0.2433566E+16 0.5708038E+14
200108 0.2436859E+16 0.4276902E+14
200109 0.2479861E+16 0.4675260E+14
200110 0.2543220E+16 0.6135173E+14
200111 0.2600541E+16 0.7359373E+14
200112 0.2628518E+16 0.8358382E+14
200201 0.2634158E+16 0.1053276E+15
200202 0.2597890E+16 0.1035052E+15
200203 0.2526582E+16 0.6492595E+14
200204 0.2463902E+16 0.3574164E+14
200205 0.2441019E+16 0.4137637E+14
200206 0.2450465E+16 0.6905636E+14
200207 0.2473744E+16 0.9725792E+14
200208 0.2520377E+16 0.1262871E+15
200209 0.2589694E+16 0.1565851E+15
200210 0.2647714E+16 0.1658464E+15
200211 0.2653344E+16 0.1263969E+15
200212 0.2599803E+16 0.5486955E+14
200301 0.2516492E+16 -.1233864E+14
200302 0.2444441E+16 -.4994349E+14
200303 0.2403404E+16 -.5825184E+14
200304 0.2372018E+16 -.5614301E+14
200305 0.2368247E+16 -.3139541E+14
200306 0.2404915E+16 0.2350636E+14
200307 0.2446953E+16 0.7046726E+14
200308 0.2469313E+16 0.7522313E+14
200309 0.2498608E+16 0.6549959E+14
200310 0.2563389E+16 0.8152143E+14
200311 0.2625817E+16 0.9886907E+14
200312 0.2632511E+16 0.8757760E+14
200401 0.2586427E+16 0.5759578E+14
200402 0.2526785E+16 0.3240043E+14
200403 0.2475735E+16 0.1407837E+14
200404 0.2447524E+16 0.1936359E+14
200405 0.2429352E+16 0.2970909E+14
200406 0.2435690E+16 0.5428168E+14
200407 0.2459587E+16 0.8310171E+14
200408 0.2486064E+16 0.9197377E+14
200409 0.2543407E+16 0.1102982E+15
200410 0.2604432E+16 0.1225641E+15
200411 0.2649637E+16 0.1226898E+15
200412 0.2659502E+16 0.1145680E+15
200501 0.2618240E+16 0.8940914E+14
200502 0.2581791E+16 0.8740607E+14
200503 0.2555779E+16 0.9412313E+14
200504 0.2497465E+16 0.6930440E+14
200505 0.2436663E+16 0.3702047E+14
200506 0.2403532E+16 0.2212391E+14
200507 0.2395010E+16 0.1852393E+14
200508 0.2401039E+16 0.6948452E+13
200509 0.2423580E+16 -.9528385E+13
200510 0.2463544E+16 -.1832367E+14
200511 0.2506541E+16 -.2040646E+14
200512 0.2523689E+16 -.2124425E+14
200601 0.2505800E+16 -.2303069E+14
200602 0.2485806E+16 -.8578929E+13
200603 0.2475912E+16 0.1425607E+14
200604 0.2464208E+16 0.3604686E+14
200605 0.2467526E+16 0.6788357E+14
200606 0.2476632E+16 0.9522399E+14
200607 0.2480938E+16 0.1044523E+15
200608 0.2502313E+16 0.1082224E+15
200609 0.2542094E+16 0.1089856E+15
200610 0.2600383E+16 0.1185156E+15
200611 0.2638961E+16 0.1120130E+15
200612 0.2592138E+16 0.4720437E+14
200701 0.2489771E+16 -.3906004E+14
200702 0.2406363E+16 -.8802160E+14
200703 0.2347025E+16 -.1146313E+15
200704 0.2309236E+16 -.1189250E+15
200705 0.2299071E+16 -.1005715E+15
200706 0.2301907E+16 -.7950146E+14
200707 0.2297684E+16 -.7880138E+14
200708 0.2304591E+16 -.8949960E+14
200709 0.2335910E+16 -.9719860E+14
200710 0.2388062E+16 -.9380558E+14
200711 0.2455581E+16 -.7136625E+14
200712 0.2500810E+16 -.4412327E+14
200801 0.2505038E+16 -.2379305E+14
200802 0.2512875E+16 0.1849037E+14
200803 0.2532365E+16 0.7070885E+14
200804 0.2530652E+16 0.1024911E+15
200805 0.2516899E+16 0.1172569E+15
200806 0.2500354E+16 0.1189454E+15
200807 0.2467700E+16 0.9121410E+14
200808 0.2432559E+16 0.3846895E+14
200809 0.2423940E+16 -.9168145E+13
200810 0.2450445E+16 -.3142252E+14
200811 0.2478308E+16 -.4863943E+14
200812 0.2491068E+16 -.5386560E+14
200901 0.2498637E+16 -.3019389E+14
200902 0.2492721E+16 -.1664031E+13
200903 0.2489431E+16 0.2777502E+14
200904 0.2501811E+16 0.7364983E+14
200905 0.2510969E+16 0.1113261E+15
200906 0.2511881E+16 0.1304731E+15
200907 0.2501176E+16 0.1246904E+15
200908 0.2500946E+16 0.1068556E+15
200909 0.2529811E+16 0.9670226E+14
200910 0.2577688E+16 0.9582018E+14
200911 0.2626350E+16 0.9940245E+14
200912 0.2629830E+16 0.8489620E+14
201001 0.2587183E+16 0.5835169E+14
201002 0.2538935E+16 0.4455009E+14
201003 0.2479696E+16 0.1803967E+14
201004 0.2391089E+16 -.3707228E+14
201005 0.2306159E+16 -.9348345E+14
201006 0.2263996E+16 -.1174123E+15
201007 0.2251691E+16 -.1247942E+15
201008 0.2245414E+16 -.1486766E+15
201009 0.2271120E+16 -.1619890E+15
201010 0.2330131E+16 -.1517366E+15
201011 0.2406032E+16 -.1209151E+15
201012 0.2467257E+16 -.7767636E+14
201101 0.2518036E+16 -.1079459E+14
201102 0.2562322E+16 0.6793672E+14
201103 0.2573910E+16 0.1122538E+15
201104 0.2561077E+16 0.1329166E+15
201105 0.2530415E+16 0.1307729E+15
201106 0.2483602E+16 0.1021934E+15
201107 0.2440577E+16 0.6409165E+14
201108 0.2418108E+16 0.2401773E+14
201109 0.2423103E+16 -.1000566E+14
201110 0.2452588E+16 -.2927960E+14
201111 0.2491743E+16 -.3520424E+14
201112 0.2514026E+16 -.3090820E+14
201201 0.2513741E+16 -.1509010E+14
201202 0.2502131E+16 0.7745974E+13
201203 0.2489888E+16 0.2823189E+14
201204 0.2486963E+16 0.5880213E+14
201205 0.2488803E+16 0.8916030E+14
201206 0.2481061E+16 0.9965264E+14
201207 0.2468542E+16 0.9205645E+14
201208 0.2467069E+16 0.7297847E+14
201209 0.2481111E+16 0.4800243E+14
201210 0.2507945E+16 0.2607743E+14
201211 0.2532277E+16 0.5329518E+13
201212 0.2537849E+16 -.7084549E+13
201301 0.2528977E+16 0.1462973E+12
201302 0.2510419E+16 0.1603392E+14
201303 0.2478912E+16 0.1725557E+14
201304 0.2443484E+16 0.1532310E+14
201305 0.2422162E+16 0.2251986E+14
201306 0.2421191E+16 0.3978321E+14
201307 0.2438604E+16 0.6211811E+14
201308 0.2469621E+16 0.7553103E+14
201309 0.2514952E+16 0.8184302E+14
201310 0.2571716E+16 0.8984803E+14
201311 0.2615613E+16 0.8866584E+14
201312 0.2626750E+16 0.8181591E+14
201401 0.2618996E+16 0.9016559E+14
201402 0.2623150E+16 0.1287650E+15
201403 0.2630529E+16 0.1688733E+15
201404 0.2607757E+16 0.1795957E+15
201405 0.2550116E+16 0.1504736E+15
201406 0.2495328E+16 0.1139194E+15
201407 0.2476906E+16 0.1004206E+15
201408 0.2502409E+16 0.1083185E+15
201409 0.2554197E+16 0.1210880E+15
201410 0.2606401E+16 0.1245331E+15
201411 0.2640610E+16 0.1136620E+15
201412 0.2638994E+16 0.9405978E+14
201501 0.2610818E+16 0.8198690E+14
201502 0.2591555E+16 0.9716988E+14
201503 0.2588879E+16 0.1272228E+15
201504 0.2583686E+16 0.1555253E+15
201505 0.2563465E+16 0.1638221E+15
201506 0.2541832E+16 0.1604237E+15
201507 0.2538131E+16 0.1616451E+15
201508 0.2556391E+16 0.1623004E+15
201509 0.2585453E+16 0.1523441E+15
201510 0.2614505E+16 0.1326372E+15
201511 0.2623398E+16 0.9645074E+14
201512 0.2595556E+16 0.5062210E+14
201601 0.2521900E+16 -.6930735E+13
201602 0.2410451E+16 -.8393359E+14
201603 0.2296499E+16 -.1651573E+15
201604 0.2215159E+16 -.2130022E+15
201605 0.2180580E+16 -.2190625E+15
201606 0.2183642E+16 -.1977662E+15
201607 0.2214732E+16 -.1617537E+15
201608 0.2262759E+16 -.1313315E+15
201609 0.2320560E+16 -.1125488E+15
201610 0.2386403E+16 -.9546477E+14
201611 0.2452292E+16 -.7465566E+14
201612 0.2503515E+16 -.4141879E+14
201701 0.2517423E+16 -.1140770E+14
201702 0.2498110E+16 0.3725079E+13
201703 0.2472991E+16 0.1133522E+14
201704 0.2448849E+16 0.2068778E+14
201705 0.2426797E+16 0.2715439E+14
201706 0.2391520E+16 0.1011143E+14